Arcsec Contr_0nm Sen_0nm Contr_2nm Sen_2nm Contr_5nm Sen_5nm Contr_10nm Sen_10nm
1.5250 3.487E-07 16.2792 6.644E-07 15.5793 1.352E-06 14.8077 2.672E-06 14.0682
1.5880 3.055E-07 16.4229 5.716E-07 15.7426 1.163E-06 14.9709 2.300E-06 14.2310
1.6510 2.685E-07 16.5631 5.094E-07 15.8675 1.007E-06 15.1275 1.966E-06 14.4014
1.7140 2.474E-07 16.6516 4.479E-07 16.0073 8.595E-07 15.2997 1.669E-06 14.5794
1.7770 2.405E-07 16.6825 3.895E-07 16.1591 7.150E-07 15.4995 1.410E-06 14.7624
1.8400 2.315E-07 16.7241 3.457E-07 16.2886 6.084E-07 15.6749 1.199E-06 14.9378
1.9030 2.153E-07 16.8027 3.088E-07 16.4109 5.430E-07 15.7983 1.024E-06 15.1091
1.9660 1.986E-07 16.8903 2.699E-07 16.5571 4.799E-07 15.9324 8.664E-07 15.2910
2.0290 1.787E-07 17.0051 2.329E-07 16.7173 3.975E-07 16.1369 7.156E-07 15.4986
2.0920 1.582E-07 17.1372 2.024E-07 16.8696 3.162E-07 16.3855 5.855E-07 15.7165
2.1550 1.423E-07 17.2522 1.787E-07 17.0049 2.640E-07 16.5813 4.899E-07 15.9101
2.2180 1.284E-07 17.3635 1.556E-07 17.1549 2.300E-07 16.7309 4.151E-07 16.0898
2.2810 1.162E-07 17.4720 1.325E-07 17.3296 2.024E-07 16.8696 3.531E-07 16.2655
2.3440 1.051E-07 17.5812 1.194E-07 17.4424 1.783E-07 17.0072 3.055E-07 16.4227
2.4070 9.472E-08 17.6942 1.125E-07 17.5077 1.591E-07 17.1313 2.693E-07 16.5598
2.4700 8.675E-08 17.7896 1.063E-07 17.5690 1.483E-07 17.2077 2.438E-07 16.6676
2.5330 8.132E-08 17.8598 1.006E-07 17.6293 1.423E-07 17.2520 2.262E-07 16.7489
2.5960 7.844E-08 17.8989 9.453E-08 17.6964 1.352E-07 17.3077 2.129E-07 16.8150
2.6590 7.891E-08 17.8925 8.995E-08 17.7503 1.276E-07 17.3705 2.053E-07 16.8541
2.7220 8.028E-08 17.8737 8.904E-08 17.7614 1.245E-07 17.3977 2.047E-07 16.8573
2.7850 8.114E-08 17.8622 9.084E-08 17.7396 1.255E-07 17.3883 2.025E-07 16.8690
2.8480 8.076E-08 17.8673 9.116E-08 17.7357 1.230E-07 17.4101 1.978E-07 16.8945
2.9110 7.789E-08 17.9066 8.882E-08 17.7641 1.156E-07 17.4778 1.937E-07 16.9177
2.9740 7.408E-08 17.9610 8.632E-08 17.7950 1.108E-07 17.5240 1.893E-07 16.9426
3.0370 7.207E-08 17.9909 8.367E-08 17.8288 1.103E-07 17.5293 1.849E-07 16.9679
3.1000 7.156E-08 17.9987 7.987E-08 17.8793 1.075E-07 17.5564 1.767E-07 17.0171
3.1630 7.057E-08 18.0138 7.487E-08 17.9496 1.002E-07 17.6326 1.619E-07 17.1120
3.2260 6.888E-08 18.0401 7.092E-08 18.0083 9.275E-08 17.7170 1.454E-07 17.2289
3.2890 6.750E-08 18.0620 6.904E-08 18.0375 8.763E-08 17.7786 1.349E-07 17.3103
3.3520 6.505E-08 18.1021 6.671E-08 18.0748 8.392E-08 17.8257 1.290E-07 17.3591
3.4150 6.197E-08 18.1548 6.302E-08 18.1366 8.026E-08 17.8740 1.212E-07 17.4265
3.4780 5.971E-08 18.1951 6.045E-08 18.1818 7.699E-08 17.9191 1.114E-07 17.5184
3.5410 5.786E-08 18.2294 5.894E-08 18.2093 7.387E-08 17.9642 1.045E-07 17.5873
3.6040 5.629E-08 18.2592 5.797E-08 18.2272 7.044E-08 18.0157 9.836E-08 17.6532
3.6670 5.330E-08 18.3184 5.606E-08 18.2636 6.554E-08 18.0940 8.956E-08 17.7551
3.7300 4.983E-08 18.3917 5.245E-08 18.3359 6.026E-08 18.1851 8.076E-08 17.8673
3.7930 4.783E-08 18.4360 4.910E-08 18.4075 5.642E-08 18.2567 7.489E-08 17.9492
3.8560 4.693E-08 18.4567 4.754E-08 18.4427 5.343E-08 18.3158 7.235E-08 17.9867
3.9190 4.591E-08 18.4805 4.711E-08 18.4526 5.228E-08 18.3395 7.046E-08 18.0154
3.9820 4.437E-08 18.5175 4.639E-08 18.4692 5.298E-08 18.3250 6.762E-08 18.0601
4.0450 4.258E-08 18.5622 4.508E-08 18.5002 5.210E-08 18.3432 6.578E-08 18.0901
4.1080 4.079E-08 18.6090 4.334E-08 18.5432 4.885E-08 18.4132 6.429E-08 18.1150
4.1710 3.952E-08 18.6431 4.124E-08 18.5969 4.666E-08 18.4630 6.411E-08 18.1181
4.2340 3.813E-08 18.6821 4.028E-08 18.6227 4.609E-08 18.4763 6.437E-08 18.1136
4.2970 3.768E-08 18.6949 4.001E-08 18.6298 4.514E-08 18.4989 6.217E-08 18.1513
4.3600 3.834E-08 18.6761 3.943E-08 18.6457 4.404E-08 18.5256 5.949E-08 18.1992
4.4230 3.777E-08 18.6923 3.882E-08 18.6625 4.338E-08 18.5419 5.816E-08 18.2237
4.4860 3.676E-08 18.7219 3.823E-08 18.6792 4.345E-08 18.5402 5.763E-08 18.2337
4.5490 3.626E-08 18.7367 3.768E-08 18.6951 4.265E-08 18.5605 5.680E-08 18.2495
4.6120 3.535E-08 18.7643 3.746E-08 18.7014 4.115E-08 18.5994 5.515E-08 18.2814
4.6750 3.464E-08 18.7865 3.711E-08 18.7116 4.045E-08 18.6180 5.244E-08 18.3361
4.7380 3.482E-08 18.7809 3.611E-08 18.7413 3.980E-08 18.6355 4.925E-08 18.4043
4.8010 3.506E-08 18.7733 3.455E-08 18.7891 3.899E-08 18.6578 4.637E-08 18.4698
4.8640 3.483E-08 18.7805 3.343E-08 18.8250 3.847E-08 18.6725 4.461E-08 18.5118
4.9270 3.424E-08 18.7989 3.307E-08 18.8367 3.782E-08 18.6910 4.409E-08 18.5245
4.9900 3.332E-08 18.8284 3.265E-08 18.8506 3.619E-08 18.7390 4.326E-08 18.5451
5.0530 3.193E-08 18.8749 3.216E-08 18.8669 3.450E-08 18.7906 4.074E-08 18.6103
5.1160 3.020E-08 18.9354 3.117E-08 18.9011 3.386E-08 18.8111 3.770E-08 18.6946
5.1790 2.870E-08 18.9907 2.944E-08 18.9631 3.302E-08 18.8384 3.626E-08 18.7366
5.2420 2.814E-08 19.0119 2.831E-08 19.0053 3.186E-08 18.8771 3.642E-08 18.7320
5.3050 2.834E-08 19.0044 2.836E-08 19.0037 3.129E-08 18.8967 3.632E-08 18.7350
5.3680 2.831E-08 19.0054 2.858E-08 18.9951 3.090E-08 18.9103 3.523E-08 18.7681
5.4310 2.785E-08 19.0230 2.822E-08 19.0089 3.006E-08 18.9403 3.427E-08 18.7981
5.4940 2.763E-08 19.0319 2.774E-08 19.0275 2.921E-08 18.9714 3.341E-08 18.8257
5.5570 2.752E-08 19.0362 2.745E-08 19.0391 2.821E-08 19.0094 3.216E-08 18.8671
5.6200 2.691E-08 19.0607 2.697E-08 19.0581 2.714E-08 19.0512 3.115E-08 18.9015
5.6830 2.603E-08 19.0967 2.684E-08 19.0632 2.663E-08 19.0720 3.047E-08 18.9256
5.7460 2.551E-08 19.1187 2.688E-08 19.0617 2.644E-08 19.0798 3.020E-08 18.9353
5.8090 2.570E-08 19.1107 2.662E-08 19.0724 2.625E-08 19.0874 3.014E-08 18.9373
5.8720 2.593E-08 19.1007 2.612E-08 19.0928 2.579E-08 19.1067 2.990E-08 18.9462
5.9350 2.531E-08 19.1272 2.542E-08 19.1225 2.537E-08 19.1244 2.952E-08 18.9601
5.9980 2.454E-08 19.1604 2.492E-08 19.1441 2.567E-08 19.1119 2.922E-08 18.9711
6.0610 2.417E-08 19.1770 2.445E-08 19.1646 2.612E-08 19.0928 2.916E-08 18.9732
6.1240 2.378E-08 19.1950 2.419E-08 19.1761 2.612E-08 19.0928 2.873E-08 18.9894
6.1870 2.349E-08 19.2082 2.456E-08 19.1597 2.580E-08 19.1061 2.802E-08 19.0167
6.2500 2.371E-08 19.1981 2.470E-08 19.1535 2.505E-08 19.1384 2.745E-08 19.0389
6.3130 2.418E-08 19.1766 2.408E-08 19.1813 2.410E-08 19.1805 2.674E-08 19.0675
6.3760 2.396E-08 19.1865 2.342E-08 19.2113 2.336E-08 19.2143 2.601E-08 19.0974
6.4390 2.321E-08 19.2212 2.316E-08 19.2237 2.296E-08 19.2331 2.562E-08 19.1138
6.5020 2.278E-08 19.2415 2.299E-08 19.2314 2.276E-08 19.2422 2.521E-08 19.1316
6.5650 2.242E-08 19.2589 2.230E-08 19.2646 2.276E-08 19.2423 2.482E-08 19.1482
6.6280 2.170E-08 19.2944 2.141E-08 19.3085 2.260E-08 19.2502 2.438E-08 19.1677
6.6910 2.125E-08 19.3169 2.082E-08 19.3390 2.219E-08 19.2698 2.375E-08 19.1962
6.7540 2.120E-08 19.3195 2.049E-08 19.3564 2.190E-08 19.2843 2.339E-08 19.2129
6.8170 2.090E-08 19.3351 2.071E-08 19.3451 2.213E-08 19.2728 2.316E-08 19.2233
6.8800 2.062E-08 19.3497 2.110E-08 19.3245 2.238E-08 19.2608 2.271E-08 19.2449
6.9430 2.058E-08 19.3516 2.083E-08 19.3387 2.186E-08 19.2861 2.230E-08 19.2646
7.0060 2.016E-08 19.3742 2.008E-08 19.3783 2.087E-08 19.3366 2.200E-08 19.2790
7.0690 1.969E-08 19.3995 1.968E-08 19.4002 2.010E-08 19.3775 2.177E-08 19.2906
7.1320 1.982E-08 19.3925 1.971E-08 19.3986 1.980E-08 19.3936 2.131E-08 19.3140
7.1950 1.994E-08 19.3859 1.982E-08 19.3927 2.000E-08 19.3830 2.058E-08 19.3519
7.2580 1.982E-08 19.3927 1.981E-08 19.3928 2.025E-08 19.3691 2.029E-08 19.3673
7.3210 1.978E-08 19.3947 1.959E-08 19.4053 2.000E-08 19.3826 2.047E-08 19.3576
7.3840 1.967E-08 19.4008 1.921E-08 19.4266 1.964E-08 19.4023 2.069E-08 19.3461
7.4470 1.957E-08 19.4061 1.883E-08 19.4479 1.951E-08 19.4096 2.091E-08 19.3347
7.5100 1.930E-08 19.4212 1.863E-08 19.4599 1.933E-08 19.4199 2.086E-08 19.3370
7.5730 1.882E-08 19.4488 1.872E-08 19.4544 1.905E-08 19.4353 2.080E-08 19.3400
7.6360 1.854E-08 19.4652 1.890E-08 19.4441 1.869E-08 19.4561 2.062E-08 19.3498
7.6990 1.836E-08 19.4754 1.893E-08 19.4425 1.847E-08 19.4693 2.017E-08 19.3735
7.7620 1.821E-08 19.4843 1.863E-08 19.4599 1.856E-08 19.4636 1.973E-08 19.3973
7.8250 1.810E-08 19.4908 1.822E-08 19.4840 1.878E-08 19.4512 1.934E-08 19.4192
7.8880 1.802E-08 19.4960 1.809E-08 19.4914 1.883E-08 19.4482 1.921E-08 19.4266
7.9510 1.798E-08 19.4982 1.822E-08 19.4840 1.889E-08 19.4446 1.939E-08 19.4164
8.0140 1.780E-08 19.5094 1.841E-08 19.4727 1.887E-08 19.4459 1.951E-08 19.4097
8.0770 1.754E-08 19.5254 1.852E-08 19.4662 1.841E-08 19.4727 1.918E-08 19.4280
8.1400 1.745E-08 19.5307 1.836E-08 19.4758 1.791E-08 19.5024 1.869E-08 19.4564
8.2030 1.735E-08 19.5369 1.811E-08 19.4903 1.779E-08 19.5097 1.844E-08 19.4712
8.2660 1.721E-08 19.5458 1.785E-08 19.5065 1.792E-08 19.5019 1.833E-08 19.4772
8.3290 1.723E-08 19.5446 1.759E-08 19.5222 1.777E-08 19.5113 1.815E-08 19.4882
8.3920 1.742E-08 19.5328 1.735E-08 19.5368 1.728E-08 19.5415 1.798E-08 19.4985
8.4550 1.765E-08 19.5182 1.706E-08 19.5554 1.711E-08 19.5519 1.788E-08 19.5046
8.5180 1.767E-08 19.5173 1.672E-08 19.5772 1.717E-08 19.5481 1.763E-08 19.5195
8.5810 1.759E-08 19.5220 1.646E-08 19.5939 1.706E-08 19.5554 1.724E-08 19.5440
8.6440 1.742E-08 19.5327 1.656E-08 19.5877 1.702E-08 19.5582 1.703E-08 19.5574
8.7070 1.704E-08 19.5568 1.681E-08 19.5714 1.716E-08 19.5490 1.698E-08 19.5602
8.7700 1.680E-08 19.5721 1.690E-08 19.5654 1.734E-08 19.5375 1.691E-08 19.5651
8.8330 1.677E-08 19.5738 1.684E-08 19.5697 1.731E-08 19.5393 1.671E-08 19.5780
8.8960 1.687E-08 19.5675 1.670E-08 19.5783 1.683E-08 19.5699 1.663E-08 19.5829
8.9590 1.695E-08 19.5626 1.642E-08 19.5966 1.631E-08 19.6042 1.692E-08 19.5641
9.0220 1.695E-08 19.5623 1.616E-08 19.6139 1.612E-08 19.6170 1.713E-08 19.5511
9.0850 1.690E-08 19.5659 1.619E-08 19.6122 1.606E-08 19.6211 1.710E-08 19.5527
9.1480 1.682E-08 19.5710 1.644E-08 19.5957 1.619E-08 19.6119 1.719E-08 19.5468
9.2110 1.704E-08 19.5569 1.684E-08 19.5696 1.669E-08 19.5791 1.771E-08 19.5146
9.2740 1.729E-08 19.5409 1.710E-08 19.5530 1.722E-08 19.5452 1.831E-08 19.4785
9.3370 1.715E-08 19.5496 1.703E-08 19.5575 1.735E-08 19.5369 1.866E-08 19.4580
9.4000 1.708E-08 19.5543 1.690E-08 19.5656 1.734E-08 19.5379 1.889E-08 19.4445
9.4630 1.725E-08 19.5432 1.705E-08 19.5557 1.757E-08 19.5234 1.905E-08 19.4358
9.5260 1.730E-08 19.5405 1.743E-08 19.5324 1.755E-08 19.5249 1.900E-08 19.4384
9.5890 1.719E-08 19.5474 1.739E-08 19.5347 1.717E-08 19.5486 1.861E-08 19.4608
9.6520 1.711E-08 19.5522 1.704E-08 19.5567 1.693E-08 19.5636 1.829E-08 19.4797
9.7150 1.691E-08 19.5648 1.694E-08 19.5628 1.690E-08 19.5656 1.826E-08 19.4814
9.7780 1.657E-08 19.5871 1.697E-08 19.5612 1.684E-08 19.5694 1.784E-08 19.5066
9.8410 1.631E-08 19.6043 1.689E-08 19.5661 1.675E-08 19.5756 1.716E-08 19.5490
9.9040 1.633E-08 19.6030 1.678E-08 19.5733 1.659E-08 19.5854 1.689E-08 19.5661
9.9670 1.649E-08 19.5921 1.671E-08 19.5776 1.649E-08 19.5923 1.693E-08 19.5634
10.0300 1.658E-08 19.5863 1.652E-08 19.5899 1.648E-08 19.5929 1.706E-08 19.5553
10.0930 1.660E-08 19.5847 1.629E-08 19.6054 1.651E-08 19.5908 1.711E-08 19.5522
10.1560 1.645E-08 19.5948 1.629E-08 19.6058 1.658E-08 19.5863 1.690E-08 19.5658
10.2190 1.622E-08 19.6103 1.643E-08 19.5959 1.663E-08 19.5828 1.651E-08 19.5912
10.2820 1.608E-08 19.6196 1.642E-08 19.5970 1.654E-08 19.5891 1.634E-08 19.6022
10.3450 1.607E-08 19.6199 1.628E-08 19.6064 1.634E-08 19.6020 1.643E-08 19.5962
10.4080 1.615E-08 19.6147 1.610E-08 19.6180 1.613E-08 19.6160 1.634E-08 19.6018
10.4710 1.607E-08 19.6204 1.588E-08 19.6334 1.588E-08 19.6335 1.600E-08 19.6253
10.5340 1.570E-08 19.6458 1.569E-08 19.6465 1.559E-08 19.6529 1.579E-08 19.6391
10.5970 1.524E-08 19.6780 1.548E-08 19.6610 1.532E-08 19.6718 1.579E-08 19.6391
10.6600 1.496E-08 19.6981 1.522E-08 19.6792 1.503E-08 19.6926 1.570E-08 19.6457
10.7230 1.489E-08 19.7034 1.483E-08 19.7075 1.473E-08 19.7151 1.533E-08 19.6716
10.7860 1.476E-08 19.7127 1.441E-08 19.7389 1.444E-08 19.7362 1.493E-08 19.7003
10.8490 1.438E-08 19.7412 1.417E-08 19.7572 1.433E-08 19.7449 1.470E-08 19.7170
10.9120 1.402E-08 19.7688 1.410E-08 19.7621 1.433E-08 19.7447 1.443E-08 19.7372
10.9750 1.382E-08 19.7839 1.403E-08 19.7677 1.423E-08 19.7526 1.407E-08 19.7643
11.0380 1.372E-08 19.7917 1.386E-08 19.7805 1.399E-08 19.7704 1.392E-08 19.7762
11.1010 1.373E-08 19.7908 1.380E-08 19.7855 1.372E-08 19.7922 1.398E-08 19.7714
11.1640 1.380E-08 19.7855 1.392E-08 19.7764 1.357E-08 19.8035 1.398E-08 19.7718
11.2270 1.386E-08 19.7807 1.395E-08 19.7736 1.370E-08 19.7936 1.380E-08 19.7860
11.2900 1.391E-08 19.7772 1.387E-08 19.7800 1.376E-08 19.7887 1.359E-08 19.8020
11.3530 1.380E-08 19.7855 1.367E-08 19.7962 1.356E-08 19.8050 1.351E-08 19.8086
11.4160 1.357E-08 19.8036 1.345E-08 19.8132 1.338E-08 19.8193 1.347E-08 19.8122
11.4790 1.336E-08 19.8211 1.336E-08 19.8205 1.341E-08 19.8164 1.347E-08 19.8119
11.5420 1.334E-08 19.8222 1.344E-08 19.8140 1.340E-08 19.8176 1.350E-08 19.8098
11.6050 1.343E-08 19.8150 1.342E-08 19.8162 1.322E-08 19.8319 1.340E-08 19.8175
11.6680 1.320E-08 19.8338 1.324E-08 19.8308 1.313E-08 19.8396 1.322E-08 19.8321
11.7310 1.290E-08 19.8589 1.309E-08 19.8427 1.317E-08 19.8365 1.314E-08 19.8392
11.7940 1.283E-08 19.8646 1.298E-08 19.8521 1.315E-08 19.8380 1.313E-08 19.8395
11.8570 1.293E-08 19.8565 1.287E-08 19.8615 1.306E-08 19.8451 1.320E-08 19.8339
11.9200 1.298E-08 19.8518 1.299E-08 19.8512 1.306E-08 19.8453 1.326E-08 19.8287
11.9830 1.285E-08 19.8629 1.324E-08 19.8303 1.312E-08 19.8404 1.325E-08 19.8294
12.0460 1.274E-08 19.8723 1.331E-08 19.8251 1.292E-08 19.8570 1.320E-08 19.8342
12.1090 1.282E-08 19.8656 1.328E-08 19.8273 1.260E-08 19.8846 1.324E-08 19.8308
12.1720 1.296E-08 19.8541 1.321E-08 19.8334 1.254E-08 19.8893 1.317E-08 19.8360
12.2350 1.297E-08 19.8532 1.292E-08 19.8567 1.275E-08 19.8719 1.299E-08 19.8512
12.2980 1.278E-08 19.8690 1.261E-08 19.8834 1.297E-08 19.8532 1.290E-08 19.8588
12.3610 1.259E-08 19.8853 1.258E-08 19.8861 1.314E-08 19.8386 1.298E-08 19.8519
12.4240 1.259E-08 19.8854 1.272E-08 19.8744 1.308E-08 19.8436 1.305E-08 19.8464
12.4870 1.278E-08 19.8687 1.268E-08 19.8775 1.289E-08 19.8598 1.294E-08 19.8556
12.5500 1.288E-08 19.8603 1.251E-08 19.8920 1.275E-08 19.8715 1.274E-08 19.8725
12.6130 1.262E-08 19.8825 1.239E-08 19.9024 1.261E-08 19.8831 1.261E-08 19.8838
12.6760 1.234E-08 19.9070 1.231E-08 19.9098 1.252E-08 19.8916 1.263E-08 19.8814
12.7390 1.230E-08 19.9105 1.226E-08 19.9140 1.248E-08 19.8944 1.264E-08 19.8806
12.8020 1.231E-08 19.9100 1.228E-08 19.9121 1.248E-08 19.8952 1.250E-08 19.8927
12.8650 1.232E-08 19.9092 1.236E-08 19.9055 1.243E-08 19.8995 1.236E-08 19.9050
12.9280 1.244E-08 19.8986 1.247E-08 19.8958 1.226E-08 19.9139 1.232E-08 19.9084
12.9910 1.250E-08 19.8934 1.255E-08 19.8886 1.219E-08 19.9200 1.242E-08 19.9002
13.0540 1.223E-08 19.9167 1.258E-08 19.8858 1.239E-08 19.9027 1.261E-08 19.8833
13.1170 1.201E-08 19.9363 1.258E-08 19.8859 1.260E-08 19.8842 1.269E-08 19.8768
13.1800 1.206E-08 19.9316 1.250E-08 19.8927 1.264E-08 19.8806 1.267E-08 19.8787
13.2430 1.221E-08 19.9183 1.236E-08 19.9051 1.258E-08 19.8860 1.265E-08 19.8799
13.3060 1.235E-08 19.9059 1.234E-08 19.9067 1.251E-08 19.8924 1.269E-08 19.8764
13.3690 1.236E-08 19.9051 1.247E-08 19.8956 1.256E-08 19.8880 1.268E-08 19.8777
13.4320 1.234E-08 19.9070 1.252E-08 19.8911 1.259E-08 19.8856 1.253E-08 19.8904
13.4950 1.240E-08 19.9015 1.247E-08 19.8958 1.254E-08 19.8898 1.246E-08 19.8968
13.5580 1.246E-08 19.8964 1.253E-08 19.8900 1.252E-08 19.8910 1.250E-08 19.8932
13.6210 1.243E-08 19.8993 1.265E-08 19.8798 1.259E-08 19.8856 1.271E-08 19.8754
13.6840 1.246E-08 19.8966 1.260E-08 19.8843 1.260E-08 19.8840 1.301E-08 19.8498
13.7470 1.259E-08 19.8854 1.259E-08 19.8850 1.265E-08 19.8800 1.315E-08 19.8383
13.8100 1.273E-08 19.8736 1.276E-08 19.8704 1.275E-08 19.8718 1.301E-08 19.8494
13.8730 1.280E-08 19.8676 1.298E-08 19.8521 1.284E-08 19.8642 1.275E-08 19.8718
13.9360 1.280E-08 19.8677 1.308E-08 19.8438 1.289E-08 19.8600 1.279E-08 19.8684
13.9990 1.280E-08 19.8672 1.295E-08 19.8549 1.290E-08 19.8590 1.305E-08 19.8463
14.0620 1.271E-08 19.8752 1.277E-08 19.8697 1.285E-08 19.8633 1.308E-08 19.8435
14.1250 1.244E-08 19.8987 1.265E-08 19.8800 1.267E-08 19.8783 1.292E-08 19.8573
14.1880 1.233E-08 19.9082 1.247E-08 19.8957 1.257E-08 19.8871 1.272E-08 19.8740
14.2510 1.244E-08 19.8979 1.224E-08 19.9155 1.258E-08 19.8857 1.250E-08 19.8932
14.3140 1.244E-08 19.8981 1.219E-08 19.9202 1.263E-08 19.8821 1.232E-08 19.9085
14.3770 1.232E-08 19.9087 1.230E-08 19.9101 1.268E-08 19.8774 1.225E-08 19.9145
14.4400 1.225E-08 19.9150 1.241E-08 19.9008 1.257E-08 19.8872 1.232E-08 19.9085
14.5030 1.221E-08 19.9187 1.245E-08 19.8974 1.226E-08 19.9137 1.245E-08 19.8977
14.5660 1.215E-08 19.9241 1.230E-08 19.9106 1.207E-08 19.9310 1.244E-08 19.8981
14.6290 1.213E-08 19.9259 1.218E-08 19.9212 1.209E-08 19.9292 1.229E-08 19.9112
14.6920 1.217E-08 19.9221 1.233E-08 19.9083 1.217E-08 19.9221 1.220E-08 19.9195
14.7550 1.218E-08 19.9215 1.249E-08 19.8935 1.224E-08 19.9154 1.219E-08 19.9206
14.8180 1.223E-08 19.9171 1.256E-08 19.8875 1.232E-08 19.9091 1.226E-08 19.9140
14.8810 1.226E-08 19.9143 1.250E-08 19.8927 1.228E-08 19.9125 1.240E-08 19.9022
14.9440 1.216E-08 19.9226 1.229E-08 19.9116 1.224E-08 19.9162 1.246E-08 19.8964
15.0070 1.207E-08 19.9308 1.219E-08 19.9206 1.227E-08 19.9136 1.237E-08 19.9045
15.0700 1.205E-08 19.9326 1.229E-08 19.9117 1.231E-08 19.9095 1.220E-08 19.9192
15.1330 1.202E-08 19.9352 1.226E-08 19.9140 1.227E-08 19.9132 1.207E-08 19.9312
15.1960 1.195E-08 19.9418 1.208E-08 19.9298 1.207E-08 19.9315 1.191E-08 19.9459
15.2590 1.184E-08 19.9519 1.194E-08 19.9431 1.187E-08 19.9489 1.170E-08 19.9652
15.3220 1.174E-08 19.9613 1.182E-08 19.9539 1.180E-08 19.9554 1.165E-08 19.9695
15.3850 1.163E-08 19.9711 1.166E-08 19.9690 1.177E-08 19.9584 1.177E-08 19.9586
15.4480 1.153E-08 19.9804 1.148E-08 19.9855 1.168E-08 19.9667 1.178E-08 19.9574
15.5110 1.150E-08 19.9835 1.147E-08 19.9862 1.159E-08 19.9748 1.162E-08 19.9725
15.5740 1.144E-08 19.9888 1.150E-08 19.9840 1.161E-08 19.9729 1.139E-08 19.9936
15.6370 1.142E-08 19.9911 1.138E-08 19.9947 1.159E-08 19.9750 1.134E-08 19.9988
15.7000 1.149E-08 19.9847 1.130E-08 20.0024 1.146E-08 19.9869 1.138E-08 19.9945
15.7630 1.152E-08 19.9813 1.136E-08 19.9970 1.147E-08 19.9868 1.128E-08 20.0040
15.8260 1.147E-08 19.9860 1.141E-08 19.9924 1.156E-08 19.9779 1.117E-08 20.0148
15.8890 1.145E-08 19.9885 1.142E-08 19.9913 1.155E-08 19.9788 1.123E-08 20.0095
15.9520 1.138E-08 19.9952 1.133E-08 19.9999 1.148E-08 19.9857 1.131E-08 20.0016
16.0150 1.124E-08 20.0082 1.111E-08 20.0208 1.141E-08 19.9924 1.122E-08 20.0103
16.0780 1.115E-08 20.0175 1.096E-08 20.0356 1.137E-08 19.9954 1.113E-08 20.0192
16.1410 1.110E-08 20.0222 1.093E-08 20.0386 1.139E-08 19.9938 1.116E-08 20.0160
16.2040 1.108E-08 20.0244 1.100E-08 20.0323 1.139E-08 19.9944 1.128E-08 20.0048
16.2670 1.113E-08 20.0192 1.109E-08 20.0234 1.131E-08 20.0014 1.147E-08 19.9861
16.3300 1.110E-08 20.0221 1.108E-08 20.0239 1.124E-08 20.0080 1.160E-08 19.9738
16.3930 1.093E-08 20.0383 1.101E-08 20.0305 1.123E-08 20.0090 1.154E-08 19.9795
16.4560 1.098E-08 20.0339 1.100E-08 20.0321 1.122E-08 20.0101 1.138E-08 19.9946
16.5190 1.123E-08 20.0094 1.104E-08 20.0277 1.113E-08 20.0188 1.115E-08 20.0175
16.5820 1.124E-08 20.0088 1.101E-08 20.0307 1.106E-08 20.0259 1.097E-08 20.0349
16.6450 1.111E-08 20.0213 1.093E-08 20.0389 1.097E-08 20.0347 1.098E-08 20.0338
16.7080 1.105E-08 20.0273 1.095E-08 20.0363 1.095E-08 20.0369 1.116E-08 20.0157
16.7710 1.099E-08 20.0333 1.091E-08 20.0408 1.103E-08 20.0284 1.122E-08 20.0098
16.8340 1.096E-08 20.0360 1.081E-08 20.0503 1.101E-08 20.0303 1.110E-08 20.0221
16.8970 1.087E-08 20.0445 1.078E-08 20.0533 1.103E-08 20.0290 1.104E-08 20.0280
16.9600 1.082E-08 20.0502 1.082E-08 20.0498 1.118E-08 20.0140 1.106E-08 20.0255
17.0230 1.086E-08 20.0458 1.092E-08 20.0397 1.125E-08 20.0075 1.106E-08 20.0256
17.0860 1.093E-08 20.0388 1.093E-08 20.0384 1.117E-08 20.0151 1.095E-08 20.0364
17.1490 1.095E-08 20.0372 1.090E-08 20.0413 1.112E-08 20.0196 1.084E-08 20.0478
17.2120 1.091E-08 20.0406 1.095E-08 20.0363 1.104E-08 20.0277 1.085E-08 20.0464
17.2750 1.085E-08 20.0471 1.104E-08 20.0275 1.099E-08 20.0333 1.087E-08 20.0448
17.3380 1.080E-08 20.0520 1.108E-08 20.0236 1.099E-08 20.0327 1.085E-08 20.0467
17.4010 1.086E-08 20.0457 1.110E-08 20.0217 1.097E-08 20.0349 1.081E-08 20.0510
17.4640 1.087E-08 20.0444 1.108E-08 20.0238 1.092E-08 20.0397 1.071E-08 20.0607
17.5270 1.081E-08 20.0504 1.102E-08 20.0297 1.081E-08 20.0509 1.071E-08 20.0611
17.5900 1.084E-08 20.0474 1.100E-08 20.0323 1.065E-08 20.0668 1.077E-08 20.0543
17.6530 1.093E-08 20.0392 1.093E-08 20.0392 1.064E-08 20.0683 1.081E-08 20.0510
17.7160 1.093E-08 20.0383 1.084E-08 20.0479 1.079E-08 20.0526 1.085E-08 20.0468
17.7790 1.089E-08 20.0426 1.074E-08 20.0576 1.092E-08 20.0397 1.088E-08 20.0436
17.8420 1.087E-08 20.0446 1.066E-08 20.0657 1.098E-08 20.0341 1.084E-08 20.0475
17.9050 1.092E-08 20.0394 1.068E-08 20.0634 1.103E-08 20.0291 1.088E-08 20.0434
17.9680 1.094E-08 20.0382 1.079E-08 20.0530 1.097E-08 20.0350 1.101E-08 20.0309
18.0310 1.090E-08 20.0413 1.087E-08 20.0446 1.080E-08 20.0516 1.094E-08 20.0378
18.0940 1.083E-08 20.0488 1.091E-08 20.0404 1.073E-08 20.0589 1.085E-08 20.0469
18.1570 1.065E-08 20.0668 1.092E-08 20.0402 1.061E-08 20.0711 1.088E-08 20.0439
18.2200 1.058E-08 20.0737 1.082E-08 20.0497 1.041E-08 20.0914 1.086E-08 20.0458
18.2830 1.073E-08 20.0593 1.068E-08 20.0636 1.043E-08 20.0899 1.085E-08 20.0464
18.3460 1.079E-08 20.0526 1.065E-08 20.0669 1.065E-08 20.0667 1.085E-08 20.0470
18.4090 1.068E-08 20.0636 1.074E-08 20.0577 1.078E-08 20.0538 1.077E-08 20.0548
18.4720 1.057E-08 20.0753 1.075E-08 20.0569 1.074E-08 20.0577 1.074E-08 20.0582
18.5350 1.054E-08 20.0787 1.064E-08 20.0684 1.059E-08 20.0732 1.079E-08 20.0523
18.5980 1.054E-08 20.0782 1.055E-08 20.0768 1.042E-08 20.0909 1.087E-08 20.0450
18.6610 1.058E-08 20.0742 1.051E-08 20.0810 1.045E-08 20.0871 1.089E-08 20.0429
18.7240 1.076E-08 20.0558 1.049E-08 20.0830 1.065E-08 20.0667 1.086E-08 20.0458
18.7870 1.089E-08 20.0431 1.055E-08 20.0773 1.074E-08 20.0576 1.079E-08 20.0523
18.8500 1.082E-08 20.0495 1.071E-08 20.0612 1.066E-08 20.0655 1.069E-08 20.0624
18.9130 1.069E-08 20.0625 1.082E-08 20.0498 1.050E-08 20.0822 1.061E-08 20.0707
18.9760 1.057E-08 20.0748 1.081E-08 20.0506 1.048E-08 20.0847 1.060E-08 20.0719
19.0390 1.047E-08 20.0859 1.068E-08 20.0643 1.059E-08 20.0732 1.067E-08 20.0654
19.1020 1.046E-08 20.0866 1.053E-08 20.0792 1.067E-08 20.0651 1.071E-08 20.0611
19.1650 1.052E-08 20.0799 1.052E-08 20.0801 1.078E-08 20.0540 1.063E-08 20.0688
19.2280 1.056E-08 20.0761 1.064E-08 20.0676 1.084E-08 20.0481 1.058E-08 20.0737
19.2910 1.050E-08 20.0821 1.072E-08 20.0600 1.077E-08 20.0544 1.068E-08 20.0643
19.3540 1.041E-08 20.0920 1.061E-08 20.0705 1.073E-08 20.0583 1.073E-08 20.0587
19.4170 1.041E-08 20.0915 1.046E-08 20.0864 1.076E-08 20.0559 1.071E-08 20.0610
19.4800 1.047E-08 20.0857 1.036E-08 20.0968 1.077E-08 20.0548 1.067E-08 20.0651
19.5430 1.053E-08 20.0795 1.043E-08 20.0901 1.073E-08 20.0586 1.068E-08 20.0641
19.6060 1.056E-08 20.0760 1.062E-08 20.0701 1.065E-08 20.0667 1.068E-08 20.0636
19.6690 1.054E-08 20.0781 1.066E-08 20.0661 1.057E-08 20.0747 1.059E-08 20.0735
19.7320 1.049E-08 20.0838 1.066E-08 20.0660 1.056E-08 20.0763 1.054E-08 20.0781
19.7950 1.048E-08 20.0847 1.068E-08 20.0640 1.056E-08 20.0758 1.058E-08 20.0742
19.8580 1.054E-08 20.0786 1.066E-08 20.0660 1.054E-08 20.0783 1.062E-08 20.0695
19.9210 1.060E-08 20.0725 1.062E-08 20.0700 1.053E-08 20.0789 1.068E-08 20.0642
19.9840 1.063E-08 20.0690 1.051E-08 20.0814 1.054E-08 20.0780 1.065E-08 20.0664
20.0470 1.066E-08 20.0658 1.041E-08 20.0921 1.054E-08 20.0778 1.057E-08 20.0755
20.1100 1.062E-08 20.0702 1.039E-08 20.0941 1.051E-08 20.0816 1.052E-08 20.0801
20.1730 1.056E-08 20.0765 1.042E-08 20.0905 1.044E-08 20.0890 1.053E-08 20.0795
20.2360 1.057E-08 20.0749 1.045E-08 20.0876 1.041E-08 20.0919 1.054E-08 20.0779
20.2990 1.062E-08 20.0702 1.043E-08 20.0892 1.040E-08 20.0930 1.056E-08 20.0763
20.3620 1.064E-08 20.0684 1.041E-08 20.0914 1.036E-08 20.0971 1.050E-08 20.0826
20.4250 1.055E-08 20.0767 1.037E-08 20.0963 1.038E-08 20.0946 1.036E-08 20.0968
20.4880 1.044E-08 20.0880 1.037E-08 20.0962 1.045E-08 20.0871 1.034E-08 20.0992
20.5510 1.041E-08 20.0917 1.046E-08 20.0864 1.051E-08 20.0811 1.042E-08 20.0908
20.6140 1.044E-08 20.0883 1.051E-08 20.0815 1.051E-08 20.0809 1.046E-08 20.0868
20.6770 1.050E-08 20.0828 1.049E-08 20.0830 1.045E-08 20.0877 1.050E-08 20.0821
20.7400 1.047E-08 20.0853 1.052E-08 20.0801 1.036E-08 20.0967 1.050E-08 20.0824
20.8030 1.041E-08 20.0913 1.056E-08 20.0765 1.035E-08 20.0975 1.047E-08 20.0849
20.8660 1.043E-08 20.0891 1.054E-08 20.0787 1.042E-08 20.0907 1.049E-08 20.0829
20.9290 1.046E-08 20.0861 1.050E-08 20.0822 1.041E-08 20.0921 1.049E-08 20.0833
20.9920 1.042E-08 20.0908 1.049E-08 20.0838 1.037E-08 20.0960 1.042E-08 20.0907
21.0550 1.036E-08 20.0965 1.052E-08 20.0806 1.046E-08 20.0866 1.036E-08 20.0971
21.1180 1.034E-08 20.0989 1.049E-08 20.0832 1.057E-08 20.0750 1.036E-08 20.0971
21.1810 1.037E-08 20.0962 1.041E-08 20.0912 1.058E-08 20.0742 1.040E-08 20.0926
21.2440 1.038E-08 20.0949 1.040E-08 20.0931 1.052E-08 20.0805 1.041E-08 20.0914
21.3070 1.032E-08 20.1012 1.044E-08 20.0887 1.049E-08 20.0835 1.040E-08 20.0925
21.3700 1.021E-08 20.1123 1.049E-08 20.0837 1.046E-08 20.0868 1.040E-08 20.0922
21.4330 1.020E-08 20.1140 1.052E-08 20.0801 1.033E-08 20.0997 1.045E-08 20.0879
21.4960 1.029E-08 20.1044 1.048E-08 20.0844 1.028E-08 20.1050 1.056E-08 20.0763
21.5590 1.029E-08 20.1047 1.037E-08 20.0956 1.028E-08 20.1057 1.059E-08 20.0727
21.6220 1.016E-08 20.1180 1.026E-08 20.1071 1.028E-08 20.1057 1.044E-08 20.0882
21.6850 1.016E-08 20.1185 1.022E-08 20.1116 1.033E-08 20.1004 1.035E-08 20.0984
21.7480 1.024E-08 20.1090 1.031E-08 20.1026 1.039E-08 20.0935 1.039E-08 20.0941
21.8110 1.028E-08 20.1053 1.039E-08 20.0942 1.044E-08 20.0887 1.034E-08 20.0993
21.8740 1.026E-08 20.1073 1.039E-08 20.0938 1.047E-08 20.0857 1.022E-08 20.1114
21.9370 1.030E-08 20.1033 1.041E-08 20.0922 1.047E-08 20.0855 1.016E-08 20.1177
22.0000 1.041E-08 20.0918 1.048E-08 20.0848 1.046E-08 20.0869 1.021E-08 20.1128
22.0630 1.045E-08 20.0876 1.054E-08 20.0778 1.048E-08 20.0841 1.035E-08 20.0977
22.1260 1.044E-08 20.0881 1.050E-08 20.0825 1.046E-08 20.0860 1.040E-08 20.0931
22.1890 1.045E-08 20.0874 1.036E-08 20.0973 1.037E-08 20.0958 1.028E-08 20.1051
22.2520 1.048E-08 20.0845 1.020E-08 20.1141 1.028E-08 20.1051 1.022E-08 20.1120
22.3150 1.045E-08 20.0872 1.005E-08 20.1296 1.022E-08 20.1121 1.028E-08 20.1057
22.3780 1.037E-08 20.0958 1.001E-08 20.1341 1.016E-08 20.1184 1.034E-08 20.0994
22.4410 1.031E-08 20.1019 1.009E-08 20.1261 1.013E-08 20.1218 1.036E-08 20.0967
22.5040 1.026E-08 20.1071 1.018E-08 20.1162 1.013E-08 20.1212 1.030E-08 20.1027
22.5670 1.024E-08 20.1092 1.021E-08 20.1130 1.015E-08 20.1193 1.018E-08 20.1162
22.6300 1.025E-08 20.1090 1.015E-08 20.1195 1.026E-08 20.1074 1.010E-08 20.1249
22.6930 1.020E-08 20.1142 1.011E-08 20.1236 1.069E-08 20.0631 1.010E-08 20.1249
22.7560 1.013E-08 20.1216 1.016E-08 20.1184 1.142E-08 19.9909 1.011E-08 20.1239
22.8190 1.009E-08 20.1256 1.025E-08 20.1086 1.183E-08 19.9530 1.009E-08 20.1255
22.8820 1.013E-08 20.1217 1.030E-08 20.1028 1.146E-08 19.9869 1.015E-08 20.1188
22.9450 1.021E-08 20.1132 1.025E-08 20.1088 1.075E-08 20.0572 1.049E-08 20.0835
23.0080 1.028E-08 20.1053 1.017E-08 20.1174 1.052E-08 20.0798 1.112E-08 20.0197
23.0710 1.055E-08 20.0776 1.011E-08 20.1239 1.100E-08 20.0316 1.172E-08 19.9628
23.1340 1.114E-08 20.0180 1.013E-08 20.1217 1.161E-08 19.9735 1.188E-08 19.9484
23.1970 1.175E-08 19.9604 1.029E-08 20.1045 1.165E-08 19.9697 1.167E-08 19.9674
23.2600 1.185E-08 19.9507 1.057E-08 20.0751 1.108E-08 20.0239 1.151E-08 19.9825
23.3230 1.155E-08 19.9784 1.106E-08 20.0264 1.070E-08 20.0620 1.127E-08 20.0051
23.3860 1.131E-08 20.0013 1.151E-08 19.9824 1.092E-08 20.0399 1.086E-08 20.0460
23.4490 1.102E-08 20.0298 1.159E-08 19.9749 1.121E-08 20.0115 1.065E-08 20.0665
23.5120 1.085E-08 20.0470 1.140E-08 19.9933 1.128E-08 20.0047 1.074E-08 20.0581
23.5750 1.081E-08 20.0507 1.125E-08 20.0073 1.119E-08 20.0133 1.075E-08 20.0566
23.6380 1.060E-08 20.0718 1.108E-08 20.0241 1.096E-08 20.0354 1.061E-08 20.0706
23.7010 1.039E-08 20.0941 1.076E-08 20.0556 1.073E-08 20.0583 1.053E-08 20.0788
23.7640 1.036E-08 20.0970 1.055E-08 20.0768 1.059E-08 20.0735 1.053E-08 20.0791
23.8270 1.033E-08 20.1000 1.039E-08 20.0935 1.036E-08 20.0965 1.049E-08 20.0838
23.8900 1.024E-08 20.1098 1.017E-08 20.1170 1.012E-08 20.1220 1.033E-08 20.1004
23.9530 1.013E-08 20.1216 1.000E-08 20.1353 9.932E-09 20.1427 1.007E-08 20.1278
24.0160 1.001E-08 20.1345 9.864E-09 20.1502 9.835E-09 20.1534 9.873E-09 20.1491
24.0790 9.840E-09 20.1528 9.629E-09 20.1763 9.784E-09 20.1590 9.731E-09 20.1649
24.1420 9.665E-09 20.1722 9.434E-09 20.1985 9.708E-09 20.1675 9.620E-09 20.1773
24.2050 9.556E-09 20.1845 9.373E-09 20.2056 9.653E-09 20.1737 9.555E-09 20.1847
24.2680 9.475E-09 20.1939 9.387E-09 20.2040 9.584E-09 20.1814 9.478E-09 20.1935
24.3310 9.402E-09 20.2023 9.350E-09 20.2083 9.414E-09 20.2009 9.352E-09 20.2080
24.3940 9.334E-09 20.2101 9.182E-09 20.2279 9.237E-09 20.2215 9.209E-09 20.2247
24.4570 9.247E-09 20.2203 9.025E-09 20.2466 9.158E-09 20.2308 9.122E-09 20.2350
24.5200 9.149E-09 20.2319 9.017E-09 20.2476 9.097E-09 20.2380 9.155E-09 20.2312
24.5830 9.136E-09 20.2334 9.070E-09 20.2413 9.011E-09 20.2484 9.216E-09 20.2239
24.6460 9.124E-09 20.2349 8.999E-09 20.2498 8.936E-09 20.2575 9.116E-09 20.2358
24.7090 8.999E-09 20.2498 8.779E-09 20.2767 8.843E-09 20.2688 8.859E-09 20.2668
24.7720 8.879E-09 20.2644 8.669E-09 20.2903 8.727E-09 20.2831 8.637E-09 20.2943
24.8350 8.869E-09 20.2656 8.726E-09 20.2833 8.692E-09 20.2874 8.637E-09 20.2943
24.8980 8.883E-09 20.2639 8.742E-09 20.2813 8.730E-09 20.2828 8.800E-09 20.2741
24.9610 8.757E-09 20.2794 8.684E-09 20.2885 8.717E-09 20.2844 8.853E-09 20.2675
25.0240 8.580E-09 20.3016 8.601E-09 20.2990 8.681E-09 20.2888 8.721E-09 20.2839
25.0870 8.482E-09 20.3141 8.485E-09 20.3137 8.630E-09 20.2952 8.585E-09 20.3009
25.1500 8.495E-09 20.3123 8.409E-09 20.3234 8.560E-09 20.3042 8.582E-09 20.3013
25.2130 8.547E-09 20.3057 8.401E-09 20.3245 8.519E-09 20.3093 8.586E-09 20.3008
25.2760 8.531E-09 20.3078 8.363E-09 20.3294 8.469E-09 20.3157 8.474E-09 20.3151
25.3390 8.468E-09 20.3159 8.298E-09 20.3378 8.406E-09 20.3238 8.320E-09 20.3350
25.4020 8.419E-09 20.3221 8.288E-09 20.3392 8.330E-09 20.3336 8.265E-09 20.3422
25.4650 8.400E-09 20.3246 8.338E-09 20.3326 8.307E-09 20.3366 8.292E-09 20.3386
25.5280 8.389E-09 20.3261 8.372E-09 20.3283 8.317E-09 20.3354 8.311E-09 20.3361
25.5910 8.283E-09 20.3399 8.343E-09 20.3319 8.309E-09 20.3365 8.312E-09 20.3360
25.6540 8.156E-09 20.3566 8.304E-09 20.3371 8.289E-09 20.3391 8.303E-09 20.3372
25.7170 8.124E-09 20.3609 8.249E-09 20.3443 8.275E-09 20.3409 8.295E-09 20.3382
25.7800 8.189E-09 20.3522 8.187E-09 20.3525 8.328E-09 20.3340 8.286E-09 20.3394
25.8430 8.326E-09 20.3342 8.161E-09 20.3559 8.379E-09 20.3273 8.282E-09 20.3399
25.9060 8.336E-09 20.3329 8.169E-09 20.3548 8.303E-09 20.3372 8.274E-09 20.3410
25.9690 8.190E-09 20.3521 8.178E-09 20.3537 8.144E-09 20.3582 8.273E-09 20.3412
26.0320 8.072E-09 20.3678 8.175E-09 20.3541 8.064E-09 20.3689 8.236E-09 20.3460
26.0950 8.069E-09 20.3683 8.199E-09 20.3509 8.118E-09 20.3616 8.159E-09 20.3562
26.1580 8.126E-09 20.3606 8.221E-09 20.3479 8.176E-09 20.3539 8.112E-09 20.3625
26.2210 8.145E-09 20.3581 8.161E-09 20.3559 8.120E-09 20.3614 8.073E-09 20.3678
26.2840 8.131E-09 20.3599 8.096E-09 20.3646 8.029E-09 20.3737 8.008E-09 20.3765
26.3470 8.091E-09 20.3653 8.098E-09 20.3643 8.016E-09 20.3754 7.950E-09 20.3844
26.4100 8.041E-09 20.3721 8.093E-09 20.3650 8.066E-09 20.3687 7.908E-09 20.3901
26.4730 7.978E-09 20.3806 8.060E-09 20.3694 8.038E-09 20.3724 7.850E-09 20.3981
26.5360 7.908E-09 20.3901 8.034E-09 20.3730 7.938E-09 20.3860 7.806E-09 20.4042
26.5990 7.857E-09 20.3972 7.955E-09 20.3837 7.881E-09 20.3938 7.790E-09 20.4065
26.6620 7.854E-09 20.3976 7.912E-09 20.3895 7.925E-09 20.3877 7.784E-09 20.4073
26.7250 7.889E-09 20.3928 7.930E-09 20.3871 7.947E-09 20.3848 7.832E-09 20.4006
26.7880 7.956E-09 20.3835 7.941E-09 20.3856 7.864E-09 20.3961 7.877E-09 20.3943
26.8510 8.014E-09 20.3757 7.928E-09 20.3873 7.797E-09 20.4054 7.835E-09 20.4002
26.9140 7.961E-09 20.3828 7.892E-09 20.3923 7.793E-09 20.4060 7.775E-09 20.4085
26.9770 7.850E-09 20.3981 7.862E-09 20.3965 7.788E-09 20.4068 7.797E-09 20.4054
27.0400 7.807E-09 20.4040 7.834E-09 20.4003 7.752E-09 20.4118 7.808E-09 20.4039
27.1030 7.796E-09 20.4056 7.774E-09 20.4087 7.680E-09 20.4220 7.717E-09 20.4167
27.1660 7.741E-09 20.4133 7.707E-09 20.4181 7.626E-09 20.4295 7.616E-09 20.4309
27.2290 7.661E-09 20.4246 7.671E-09 20.4232 7.578E-09 20.4364 7.559E-09 20.4391
27.2920 7.615E-09 20.4311 7.626E-09 20.4295 7.534E-09 20.4428 7.505E-09 20.4470
27.3550 7.638E-09 20.4278 7.618E-09 20.4306 7.578E-09 20.4364 7.453E-09 20.4544
27.4180 7.643E-09 20.4271 7.635E-09 20.4282 7.613E-09 20.4314 7.400E-09 20.4622
27.4810 7.556E-09 20.4395 7.586E-09 20.4352 7.575E-09 20.4369 7.369E-09 20.4668
27.5440 7.437E-09 20.4568 7.496E-09 20.4483 7.525E-09 20.4440 7.399E-09 20.4623
27.6070 7.407E-09 20.4613 7.426E-09 20.4584 7.505E-09 20.4470 7.406E-09 20.4613
27.6700 7.448E-09 20.4552 7.407E-09 20.4612 7.499E-09 20.4477 7.391E-09 20.4636
27.7330 7.435E-09 20.4570 7.425E-09 20.4585 7.486E-09 20.4496 7.373E-09 20.4662
27.7960 7.361E-09 20.4679 7.426E-09 20.4584 7.466E-09 20.4526 7.340E-09 20.4710
27.8590 7.342E-09 20.4707 7.376E-09 20.4658 7.453E-09 20.4545 7.292E-09 20.4781
27.9220 7.383E-09 20.4648 7.340E-09 20.4710 7.432E-09 20.4576 7.272E-09 20.4812
27.9850 7.350E-09 20.4695 7.359E-09 20.4682 7.390E-09 20.4637 7.309E-09 20.4757
28.0480 7.270E-09 20.4815 7.384E-09 20.4646 7.336E-09 20.4717 7.301E-09 20.4768
28.1110 7.242E-09 20.4857 7.364E-09 20.4676 7.280E-09 20.4800 7.257E-09 20.4834
28.1740 7.275E-09 20.4807 7.300E-09 20.4769 7.186E-09 20.4940 7.251E-09 20.4843
28.2370 7.342E-09 20.4707 7.236E-09 20.4866 7.124E-09 20.5036 7.218E-09 20.4892
28.3000 7.406E-09 20.4614 7.227E-09 20.4879 7.166E-09 20.4971 7.194E-09 20.4928
28.3630 7.401E-09 20.4621 7.258E-09 20.4832 7.248E-09 20.4848 7.212E-09 20.4901
28.4260 7.328E-09 20.4728 7.273E-09 20.4811 7.275E-09 20.4806 7.227E-09 20.4879
28.4890 7.281E-09 20.4798 7.236E-09 20.4865 7.242E-09 20.4856 7.244E-09 20.4853
28.5520 7.298E-09 20.4772 7.182E-09 20.4946 7.215E-09 20.4897 7.281E-09 20.4798
28.6150 7.283E-09 20.4795 7.152E-09 20.4993 7.208E-09 20.4908 7.305E-09 20.4762
28.6780 7.248E-09 20.4848 7.138E-09 20.5013 7.193E-09 20.4930 7.303E-09 20.4766
28.7410 7.202E-09 20.4917 7.161E-09 20.4978 7.173E-09 20.4961 7.288E-09 20.4787
28.8040 7.133E-09 20.5021 7.188E-09 20.4938 7.183E-09 20.4945 7.250E-09 20.4844
28.8670 7.109E-09 20.5058 7.177E-09 20.4955 7.200E-09 20.4920 7.152E-09 20.4993
28.9300 7.111E-09 20.5055 7.147E-09 20.4999 7.164E-09 20.4974 7.088E-09 20.5089
28.9930 7.125E-09 20.5033 7.139E-09 20.5012 7.091E-09 20.5085 7.130E-09 20.5026
29.0560 7.158E-09 20.4983 7.151E-09 20.4994 7.077E-09 20.5107 7.175E-09 20.4957
29.1190 7.179E-09 20.4951 7.159E-09 20.4982 7.095E-09 20.5080 7.186E-09 20.4940
29.1820 7.184E-09 20.4944 7.156E-09 20.4986 7.082E-09 20.5100 7.196E-09 20.4925
29.2450 7.120E-09 20.5041 7.129E-09 20.5027 7.091E-09 20.5086 7.197E-09 20.4925
29.3080 7.045E-09 20.5155 7.099E-09 20.5074 7.095E-09 20.5079 7.154E-09 20.4990
29.3710 7.035E-09 20.5171 7.090E-09 20.5086 7.086E-09 20.5093 7.075E-09 20.5109
29.4340 7.061E-09 20.5132 7.076E-09 20.5108 7.098E-09 20.5074 7.024E-09 20.5188
29.4970 7.052E-09 20.5145 7.063E-09 20.5128 7.134E-09 20.5019 7.010E-09 20.5209
29.5600 7.013E-09 20.5205 7.076E-09 20.5108 7.164E-09 20.4974 7.026E-09 20.5185
29.6230 6.975E-09 20.5264 7.057E-09 20.5137 7.143E-09 20.5006 6.989E-09 20.5242
29.6860 6.976E-09 20.5262 6.999E-09 20.5228 7.082E-09 20.5099 6.924E-09 20.5344
29.7490 6.977E-09 20.5261 7.021E-09 20.5193 7.031E-09 20.5177 6.946E-09 20.5309
29.8120 6.937E-09 20.5323 7.077E-09 20.5107 7.012E-09 20.5207 7.011E-09 20.5209
29.8750 6.919E-09 20.5352 7.042E-09 20.5161 6.997E-09 20.5230 7.021E-09 20.5194
29.9380 6.935E-09 20.5328 6.988E-09 20.5243 6.992E-09 20.5238 7.027E-09 20.5184
30.0010 6.942E-09 20.5315 6.986E-09 20.5247 6.963E-09 20.5283 7.044E-09 20.5158
30.0640 6.972E-09 20.5269 6.961E-09 20.5287 6.933E-09 20.5329 7.026E-09 20.5184
30.1270 6.991E-09 20.5239 6.924E-09 20.5344 6.928E-09 20.5337 6.979E-09 20.5258
30.1900 6.927E-09 20.5339 6.916E-09 20.5357 6.919E-09 20.5352 6.934E-09 20.5329
30.2530 6.862E-09 20.5442 6.934E-09 20.5328 6.905E-09 20.5373 6.912E-09 20.5363
30.3160 6.851E-09 20.5459 6.929E-09 20.5336 6.907E-09 20.5371 6.894E-09 20.5391
30.3790 6.824E-09 20.5501 6.924E-09 20.5344 6.934E-09 20.5328 6.878E-09 20.5417
30.4420 6.846E-09 20.5467 6.950E-09 20.5303 6.940E-09 20.5318 6.898E-09 20.5385
30.5050 6.927E-09 20.5340 6.974E-09 20.5265 6.938E-09 20.5322 6.933E-09 20.5330
30.5680 6.941E-09 20.5318 6.948E-09 20.5307 6.919E-09 20.5351 6.949E-09 20.5305
30.6310 6.879E-09 20.5415 6.929E-09 20.5336 6.908E-09 20.5368 6.917E-09 20.5356
30.6940 6.822E-09 20.5505 6.960E-09 20.5288 6.910E-09 20.5367 6.872E-09 20.5426
30.7570 6.783E-09 20.5567 6.944E-09 20.5313 6.904E-09 20.5375 6.901E-09 20.5379
30.8200 6.763E-09 20.5599 6.886E-09 20.5404 6.903E-09 20.5377 6.940E-09 20.5320
30.8830 6.768E-09 20.5591 6.881E-09 20.5412 6.914E-09 20.5360 6.899E-09 20.5383
30.9460 6.766E-09 20.5594 6.926E-09 20.5340 6.922E-09 20.5347 6.812E-09 20.5521
31.0090 6.767E-09 20.5593 6.938E-09 20.5321 6.903E-09 20.5377 6.764E-09 20.5597
31.0720 6.792E-09 20.5553 6.872E-09 20.5427 6.830E-09 20.5493 6.755E-09 20.5612
31.1350 6.824E-09 20.5502 6.814E-09 20.5518 6.783E-09 20.5568 6.740E-09 20.5636
31.1980 6.847E-09 20.5465 6.831E-09 20.5491 6.806E-09 20.5531 6.763E-09 20.5599
31.2610 6.837E-09 20.5482 6.833E-09 20.5488 6.832E-09 20.5489 6.829E-09 20.5494
31.3240 6.814E-09 20.5517 6.821E-09 20.5507 6.831E-09 20.5490 6.841E-09 20.5475
31.3870 6.804E-09 20.5533 6.831E-09 20.5491 6.853E-09 20.5457 6.809E-09 20.5526
31.4500 6.774E-09 20.5581 6.883E-09 20.5408 6.880E-09 20.5414 6.807E-09 20.5530
31.5130 6.735E-09 20.5644 6.919E-09 20.5352 6.883E-09 20.5409 6.787E-09 20.5561
31.5760 6.721E-09 20.5667 6.874E-09 20.5422 6.843E-09 20.5471 6.716E-09 20.5675
31.6390 6.730E-09 20.5652 6.809E-09 20.5526 6.772E-09 20.5586 6.670E-09 20.5749
31.7020 6.747E-09 20.5626 6.798E-09 20.5544 6.715E-09 20.5676 6.739E-09 20.5638
31.7650 6.736E-09 20.5643 6.825E-09 20.5501 6.726E-09 20.5658 6.804E-09 20.5533
31.8280 6.710E-09 20.5685 6.833E-09 20.5487 6.767E-09 20.5594 6.761E-09 20.5602
31.8910 6.688E-09 20.5721 6.804E-09 20.5534 6.756E-09 20.5610 6.673E-09 20.5744
31.9540 6.687E-09 20.5722 6.790E-09 20.5556 6.710E-09 20.5685 6.643E-09 20.5793
32.0170 6.688E-09 20.5721 6.784E-09 20.5566 6.702E-09 20.5698 6.656E-09 20.5773
32.0800 6.657E-09 20.5770 6.773E-09 20.5584 6.739E-09 20.5638 6.661E-09 20.5764
32.1430 6.618E-09 20.5835 6.770E-09 20.5589 6.752E-09 20.5618 6.690E-09 20.5717
32.2060 6.633E-09 20.5810 6.773E-09 20.5583 6.751E-09 20.5619 6.712E-09 20.5681
32.2690 6.668E-09 20.5752 6.807E-09 20.5529 6.773E-09 20.5583 6.683E-09 20.5729
32.3320 6.675E-09 20.5741 6.804E-09 20.5534 6.735E-09 20.5644 6.631E-09 20.5813
32.3950 6.670E-09 20.5749 6.763E-09 20.5599 6.711E-09 20.5683 6.584E-09 20.5891
32.4580 6.700E-09 20.5701 6.747E-09 20.5624 6.711E-09 20.5683 6.580E-09 20.5897
32.5210 6.754E-09 20.5613 6.746E-09 20.5627 6.670E-09 20.5750 6.641E-09 20.5797
32.5840 6.801E-09 20.5538 6.751E-09 20.5619 6.677E-09 20.5738 6.743E-09 20.5632
32.6470 6.793E-09 20.5551 6.793E-09 20.5551 6.727E-09 20.5658 6.786E-09 20.5563
32.7100 6.750E-09 20.5621 6.797E-09 20.5545 6.774E-09 20.5582 6.752E-09 20.5618
32.7730 6.745E-09 20.5629 6.755E-09 20.5613 6.836E-09 20.5483 6.732E-09 20.5650
32.8360 6.761E-09 20.5603 6.750E-09 20.5620 6.848E-09 20.5463 6.727E-09 20.5657
32.8990 6.753E-09 20.5616 6.791E-09 20.5554 6.795E-09 20.5549 6.699E-09 20.5702
32.9620 6.765E-09 20.5596 6.859E-09 20.5446 6.761E-09 20.5603 6.693E-09 20.5712
33.0250 6.796E-09 20.5546 6.882E-09 20.5410 6.759E-09 20.5606 6.719E-09 20.5671
33.0880 6.777E-09 20.5576 6.818E-09 20.5512 6.747E-09 20.5625 6.744E-09 20.5630
33.1510 6.746E-09 20.5626 6.757E-09 20.5610 6.730E-09 20.5652 6.783E-09 20.5568
33.2140 6.761E-09 20.5603 6.747E-09 20.5625 6.722E-09 20.5665 6.807E-09 20.5528
33.2770 6.769E-09 20.5590 6.756E-09 20.5611 6.706E-09 20.5691 6.786E-09 20.5563
33.3400 6.734E-09 20.5646 6.711E-09 20.5683 6.690E-09 20.5717 6.770E-09 20.5588
33.4030 6.682E-09 20.5730 6.679E-09 20.5735 6.682E-09 20.5730 6.768E-09 20.5591
33.4660 6.660E-09 20.5766 6.721E-09 20.5668 6.707E-09 20.5689 6.734E-09 20.5646
33.5290 6.690E-09 20.5718 6.789E-09 20.5558 6.726E-09 20.5659 6.703E-09 20.5696
33.5920 6.690E-09 20.5717 6.839E-09 20.5478 6.707E-09 20.5690 6.723E-09 20.5664
33.6550 6.667E-09 20.5755 6.850E-09 20.5460 6.707E-09 20.5689 6.758E-09 20.5608
33.7180 6.670E-09 20.5750 6.805E-09 20.5532 6.744E-09 20.5631 6.778E-09 20.5576
33.7810 6.673E-09 20.5745 6.731E-09 20.5652 6.761E-09 20.5602 6.761E-09 20.5603
33.8440 6.666E-09 20.5756 6.706E-09 20.5692 6.763E-09 20.5599 6.729E-09 20.5654
33.9070 6.677E-09 20.5739 6.686E-09 20.5723 6.764E-09 20.5598 6.688E-09 20.5720
33.9700 6.725E-09 20.5660 6.637E-09 20.5803 6.735E-09 20.5644 6.669E-09 20.5752
34.0330 6.724E-09 20.5662 6.607E-09 20.5852 6.708E-09 20.5688 6.692E-09 20.5714
34.0960 6.653E-09 20.5778 6.631E-09 20.5814 6.696E-09 20.5708 6.696E-09 20.5707
34.1590 6.599E-09 20.5867 6.691E-09 20.5716 6.652E-09 20.5778 6.650E-09 20.5782
34.2220 6.623E-09 20.5827 6.761E-09 20.5602 6.596E-09 20.5871 6.619E-09 20.5832
34.2850 6.678E-09 20.5736 6.778E-09 20.5576 6.578E-09 20.5901 6.665E-09 20.5758
34.3480 6.681E-09 20.5732 6.738E-09 20.5640 6.584E-09 20.5891 6.691E-09 20.5716
34.4110 6.669E-09 20.5751 6.694E-09 20.5710 6.583E-09 20.5892 6.684E-09 20.5727
34.4740 6.673E-09 20.5744 6.660E-09 20.5766 6.592E-09 20.5877 6.670E-09 20.5750
34.5370 6.669E-09 20.5751 6.621E-09 20.5830 6.635E-09 20.5807 6.636E-09 20.5805
34.6000 6.639E-09 20.5800 6.629E-09 20.5816 6.707E-09 20.5690 6.667E-09 20.5755
34.6630 6.603E-09 20.5860 6.634E-09 20.5809 6.730E-09 20.5652 6.746E-09 20.5627
34.7260 6.588E-09 20.5883 6.606E-09 20.5854 6.689E-09 20.5719 6.765E-09 20.5597
34.7890 6.599E-09 20.5866 6.628E-09 20.5818 6.647E-09 20.5787 6.734E-09 20.5646
34.8520 6.595E-09 20.5873 6.659E-09 20.5768 6.617E-09 20.5837 6.695E-09 20.5709
34.9150 6.564E-09 20.5924 6.622E-09 20.5829 6.598E-09 20.5868 6.675E-09 20.5742
34.9780 6.546E-09 20.5954 6.562E-09 20.5927 6.583E-09 20.5893 6.669E-09 20.5751
35.0410 6.552E-09 20.5943 6.551E-09 20.5945 6.572E-09 20.5911 6.639E-09 20.5800
35.1040 6.588E-09 20.5884 6.573E-09 20.5908 6.586E-09 20.5887 6.616E-09 20.5837
35.1670 6.615E-09 20.5840 6.590E-09 20.5881 6.598E-09 20.5868 6.637E-09 20.5804
35.2300 6.606E-09 20.5854 6.562E-09 20.5926 6.560E-09 20.5931 6.646E-09 20.5789
35.2930 6.557E-09 20.5936 6.540E-09 20.5963 6.527E-09 20.5985 6.598E-09 20.5867
35.3560 6.564E-09 20.5924 6.554E-09 20.5940 6.559E-09 20.5932 6.566E-09 20.5921
35.4190 6.622E-09 20.5828 6.569E-09 20.5915 6.620E-09 20.5832 6.551E-09 20.5945
35.4820 6.623E-09 20.5826 6.592E-09 20.5877 6.672E-09 20.5746 6.514E-09 20.6006
35.5450 6.596E-09 20.5870 6.604E-09 20.5857 6.656E-09 20.5773 6.525E-09 20.5988
35.6080 6.583E-09 20.5893 6.611E-09 20.5847 6.611E-09 20.5846 6.568E-09 20.5918
35.6710 6.567E-09 20.5919 6.628E-09 20.5818 6.560E-09 20.5930 6.583E-09 20.5892
35.7340 6.548E-09 20.5950 6.616E-09 20.5838 6.492E-09 20.6043 6.581E-09 20.5896
35.7970 6.530E-09 20.5980 6.559E-09 20.5933 6.463E-09 20.6092 6.597E-09 20.5870
35.8600 6.505E-09 20.6021 6.531E-09 20.5978 6.490E-09 20.6047 6.607E-09 20.5853
35.9230 6.517E-09 20.6001 6.546E-09 20.5953 6.496E-09 20.6037 6.578E-09 20.5901
35.9860 6.553E-09 20.5943 6.550E-09 20.5947 6.478E-09 20.6067 6.546E-09 20.5954
36.0490 6.542E-09 20.5960 6.566E-09 20.5920 6.526E-09 20.5986 6.545E-09 20.5954
36.1120 6.520E-09 20.5997 6.548E-09 20.5950 6.607E-09 20.5852 6.590E-09 20.5881
36.1750 6.524E-09 20.5990 6.490E-09 20.6047 6.624E-09 20.5824 6.581E-09 20.5896
36.2380 6.537E-09 20.5968 6.447E-09 20.6118 6.583E-09 20.5892 6.508E-09 20.6017
36.3010 6.538E-09 20.5967 6.424E-09 20.6158 6.528E-09 20.5984 6.455E-09 20.6105
36.3640 6.511E-09 20.6012 6.460E-09 20.6097 6.480E-09 20.6064 6.458E-09 20.6101
36.4270 6.462E-09 20.6093 6.512E-09 20.6010 6.471E-09 20.6078 6.519E-09 20.5998
36.4900 6.459E-09 20.6099 6.511E-09 20.6012 6.480E-09 20.6063 6.569E-09 20.5916
36.5530 6.513E-09 20.6009 6.498E-09 20.6033 6.476E-09 20.6071 6.560E-09 20.5930
36.6160 6.566E-09 20.5921 6.505E-09 20.6021 6.440E-09 20.6130 6.532E-09 20.5977
36.6790 6.580E-09 20.5897 6.524E-09 20.5991 6.395E-09 20.6208 6.522E-09 20.5994
36.7420 6.579E-09 20.5899 6.556E-09 20.5936 6.387E-09 20.6221 6.513E-09 20.6008
36.8050 6.584E-09 20.5890 6.569E-09 20.5915 6.414E-09 20.6176 6.504E-09 20.6023
36.8680 6.574E-09 20.5907 6.531E-09 20.5978 6.428E-09 20.6151 6.482E-09 20.6060
36.9310 6.541E-09 20.5961 6.476E-09 20.6070 6.435E-09 20.6140 6.457E-09 20.6102
36.9940 6.504E-09 20.6023 6.418E-09 20.6168 6.455E-09 20.6105 6.472E-09 20.6076
37.0570 6.487E-09 20.6052 6.393E-09 20.6210 6.490E-09 20.6047 6.480E-09 20.6064
37.1200 6.467E-09 20.6085 6.436E-09 20.6137 6.520E-09 20.5996 6.457E-09 20.6103
37.1830 6.494E-09 20.6040 6.510E-09 20.6013 6.527E-09 20.5985 6.437E-09 20.6135
37.2460 6.557E-09 20.5935 6.555E-09 20.5939 6.524E-09 20.5990 6.432E-09 20.6144
37.3090 6.551E-09 20.5945 6.544E-09 20.5956 6.502E-09 20.6026 6.441E-09 20.6128
37.3720 6.524E-09 20.5989 6.525E-09 20.5988 6.442E-09 20.6127 6.477E-09 20.6069
37.4350 6.504E-09 20.6024 6.498E-09 20.6033 6.386E-09 20.6222 6.502E-09 20.6027
37.4980 6.474E-09 20.6074 6.452E-09 20.6110 6.376E-09 20.6239 6.473E-09 20.6075
37.5610 6.459E-09 20.6099 6.407E-09 20.6187 6.392E-09 20.6212 6.451E-09 20.6113
37.6240 6.458E-09 20.6100 6.379E-09 20.6235 6.402E-09 20.6196 6.431E-09 20.6146
37.6870 6.477E-09 20.6069 6.381E-09 20.6231 6.418E-09 20.6168 6.409E-09 20.6183
37.7500 6.493E-09 20.6042 6.383E-09 20.6227 6.435E-09 20.6140 6.418E-09 20.6168
37.8130 6.462E-09 20.6093 6.357E-09 20.6272 6.460E-09 20.6097 6.422E-09 20.6162
37.8760 6.423E-09 20.6159 6.337E-09 20.6306 6.462E-09 20.6095 6.400E-09 20.6198
37.9390 6.412E-09 20.6179 6.334E-09 20.6311 6.399E-09 20.6200 6.390E-09 20.6215
38.0020 6.405E-09 20.6189 6.353E-09 20.6279 6.371E-09 20.6248 6.411E-09 20.6179
38.0650 6.394E-09 20.6208 6.392E-09 20.6212 6.394E-09 20.6209 6.445E-09 20.6122
38.1280 6.408E-09 20.6186 6.436E-09 20.6138 6.401E-09 20.6198 6.456E-09 20.6104
38.1910 6.433E-09 20.6143 6.463E-09 20.6091 6.382E-09 20.6229 6.422E-09 20.6161
38.2540 6.408E-09 20.6185 6.446E-09 20.6121 6.359E-09 20.6268 6.370E-09 20.6250
38.3170 6.367E-09 20.6254 6.414E-09 20.6174 6.366E-09 20.6255 6.322E-09 20.6332
38.3800 6.379E-09 20.6234 6.397E-09 20.6203 6.399E-09 20.6201 6.348E-09 20.6287
38.4430 6.401E-09 20.6196 6.368E-09 20.6253 6.375E-09 20.6241 6.419E-09 20.6166
38.5060 6.391E-09 20.6214 6.349E-09 20.6285 6.314E-09 20.6345 6.444E-09 20.6124
38.5690 6.399E-09 20.6200 6.384E-09 20.6226 6.336E-09 20.6307 6.430E-09 20.6148
38.6320 6.375E-09 20.6240 6.417E-09 20.6170 6.419E-09 20.6166 6.415E-09 20.6173
38.6950 6.324E-09 20.6328 6.377E-09 20.6238 6.463E-09 20.6093 6.404E-09 20.6192
38.7580 6.324E-09 20.6328 6.302E-09 20.6366 6.469E-09 20.6082 6.389E-09 20.6218
38.8210 6.322E-09 20.6332 6.273E-09 20.6416 6.472E-09 20.6077 6.375E-09 20.6242
38.8840 6.274E-09 20.6414 6.303E-09 20.6364 6.457E-09 20.6102 6.355E-09 20.6275
38.9470 6.265E-09 20.6430 6.355E-09 20.6276 6.459E-09 20.6098 6.352E-09 20.6280
39.0100 6.325E-09 20.6326 6.386E-09 20.6223 6.484E-09 20.6058 6.382E-09 20.6229
39.0730 6.374E-09 20.6243 6.375E-09 20.6240 6.449E-09 20.6116 6.403E-09 20.6194
39.1360 6.371E-09 20.6248 6.359E-09 20.6267 6.387E-09 20.6220 6.374E-09 20.6243
39.1990 6.333E-09 20.6313 6.363E-09 20.6261 6.385E-09 20.6224 6.334E-09 20.6311
39.2620 6.307E-09 20.6358 6.356E-09 20.6273 6.400E-09 20.6199 6.332E-09 20.6315
39.3250 6.338E-09 20.6304 6.354E-09 20.6278 6.393E-09 20.6210 6.338E-09 20.6304
39.3880 6.377E-09 20.6238 6.371E-09 20.6248 6.377E-09 20.6238 6.333E-09 20.6312
39.4510 6.386E-09 20.6221 6.369E-09 20.6251 6.341E-09 20.6298 6.330E-09 20.6318
39.5140 6.369E-09 20.6251 6.360E-09 20.6267 6.349E-09 20.6285 6.337E-09 20.6306
39.5770 6.335E-09 20.6310 6.355E-09 20.6276 6.364E-09 20.6260 6.321E-09 20.6333
39.6400 6.338E-09 20.6304 6.346E-09 20.6291 6.333E-09 20.6312 6.281E-09 20.6402
39.7030 6.358E-09 20.6269 6.342E-09 20.6298 6.316E-09 20.6341 6.269E-09 20.6423
39.7660 6.367E-09 20.6255 6.349E-09 20.6285 6.353E-09 20.6278 6.274E-09 20.6414
39.8290 6.382E-09 20.6229 6.354E-09 20.6277 6.400E-09 20.6198 6.285E-09 20.6394
39.8920 6.371E-09 20.6247 6.371E-09 20.6247 6.377E-09 20.6237 6.313E-09 20.6347
39.9550 6.347E-09 20.6289 6.386E-09 20.6222 6.332E-09 20.6315 6.295E-09 20.6378
40.0180 6.356E-09 20.6274 6.377E-09 20.6238 6.323E-09 20.6330 6.245E-09 20.6464
40.0810 6.360E-09 20.6266 6.341E-09 20.6299 6.322E-09 20.6331 6.246E-09 20.6462
40.1440 6.341E-09 20.6299 6.307E-09 20.6357 6.312E-09 20.6349 6.277E-09 20.6410
40.2070 6.347E-09 20.6289 6.293E-09 20.6382 6.304E-09 20.6362 6.309E-09 20.6354
40.2700 6.358E-09 20.6269 6.273E-09 20.6416 6.318E-09 20.6338 6.340E-09 20.6301
40.3330 6.364E-09 20.6260 6.283E-09 20.6399 6.333E-09 20.6313 6.343E-09 20.6295
40.3960 6.378E-09 20.6235 6.330E-09 20.6318 6.327E-09 20.6322 6.367E-09 20.6254
40.4590 6.366E-09 20.6256 6.351E-09 20.6281 6.332E-09 20.6315 6.374E-09 20.6243
40.5220 6.335E-09 20.6310 6.336E-09 20.6307 6.334E-09 20.6312 6.330E-09 20.6319
40.5850 6.311E-09 20.6351 6.316E-09 20.6341 6.310E-09 20.6351 6.309E-09 20.6355
40.6480 6.288E-09 20.6390 6.304E-09 20.6362 6.277E-09 20.6408 6.305E-09 20.6360
40.7110 6.262E-09 20.6436 6.302E-09 20.6366 6.278E-09 20.6408 6.303E-09 20.6364
40.7740 6.258E-09 20.6442 6.314E-09 20.6344 6.281E-09 20.6402 6.297E-09 20.6374
40.8370 6.267E-09 20.6426 6.321E-09 20.6333 6.271E-09 20.6420 6.273E-09 20.6416
40.9000 6.276E-09 20.6411 6.290E-09 20.6387 6.246E-09 20.6463 6.260E-09 20.6439
40.9630 6.290E-09 20.6386 6.266E-09 20.6427 6.229E-09 20.6492 6.296E-09 20.6377
41.0260 6.297E-09 20.6375 6.300E-09 20.6369 6.255E-09 20.6448 6.329E-09 20.6320
41.0890 6.282E-09 20.6400 6.337E-09 20.6307 6.291E-09 20.6385 6.345E-09 20.6293
41.1520 6.277E-09 20.6408 6.336E-09 20.6307 6.283E-09 20.6399 6.343E-09 20.6295
41.2150 6.303E-09 20.6364 6.313E-09 20.6347 6.282E-09 20.6401 6.301E-09 20.6368
41.2780 6.351E-09 20.6282 6.278E-09 20.6408 6.319E-09 20.6337 6.254E-09 20.6449
41.3410 6.374E-09 20.6243 6.253E-09 20.6450 6.342E-09 20.6296 6.253E-09 20.6451
41.4040 6.337E-09 20.6306 6.256E-09 20.6446 6.317E-09 20.6340 6.270E-09 20.6421
41.4670 6.294E-09 20.6380 6.284E-09 20.6398 6.272E-09 20.6419 6.261E-09 20.6438
41.5300 6.276E-09 20.6410 6.321E-09 20.6333 6.252E-09 20.6452 6.259E-09 20.6440
41.5930 6.270E-09 20.6421 6.296E-09 20.6376 6.278E-09 20.6408 6.276E-09 20.6411
41.6560 6.259E-09 20.6441 6.244E-09 20.6466 6.299E-09 20.6371 6.295E-09 20.6378
41.7190 6.259E-09 20.6440 6.220E-09 20.6508 6.273E-09 20.6416 6.262E-09 20.6434
41.7820 6.271E-09 20.6420 6.222E-09 20.6505 6.277E-09 20.6409 6.223E-09 20.6503
41.8450 6.264E-09 20.6432 6.227E-09 20.6496 6.306E-09 20.6359 6.264E-09 20.6431
41.9080 6.257E-09 20.6444 6.242E-09 20.6470 6.299E-09 20.6370 6.336E-09 20.6307
41.9710 6.276E-09 20.6412 6.263E-09 20.6434 6.267E-09 20.6427 6.385E-09 20.6224
42.0340 6.290E-09 20.6386 6.271E-09 20.6419 6.255E-09 20.6448 6.400E-09 20.6199
42.0970 6.296E-09 20.6377 6.290E-09 20.6387 6.283E-09 20.6399 6.353E-09 20.6278
42.1600 6.296E-09 20.6376 6.294E-09 20.6380 6.323E-09 20.6330 6.317E-09 20.6340
42.2230 6.307E-09 20.6357 6.265E-09 20.6430 6.352E-09 20.6281 6.337E-09 20.6306
42.2860 6.305E-09 20.6360 6.260E-09 20.6439 6.341E-09 20.6299 6.355E-09 20.6276
42.3490 6.274E-09 20.6414 6.277E-09 20.6408 6.321E-09 20.6332 6.367E-09 20.6255
42.4120 6.250E-09 20.6456 6.273E-09 20.6415 6.325E-09 20.6326 6.400E-09 20.6198
42.4750 6.244E-09 20.6466 6.259E-09 20.6441 6.313E-09 20.6347 6.432E-09 20.6144
42.5380 6.270E-09 20.6422 6.227E-09 20.6496 6.271E-09 20.6420 6.428E-09 20.6150
42.6010 6.324E-09 20.6329 6.232E-09 20.6487 6.244E-09 20.6467 6.372E-09 20.6247
42.6640 6.344E-09 20.6293 6.236E-09 20.6481 6.266E-09 20.6429 6.290E-09 20.6387
42.7270 6.304E-09 20.6362 6.239E-09 20.6475 6.283E-09 20.6398 6.234E-09 20.6483
42.7900 6.301E-09 20.6368 6.263E-09 20.6433 6.296E-09 20.6376 6.221E-09 20.6507
42.8530 6.330E-09 20.6317 6.285E-09 20.6395 6.313E-09 20.6346 6.256E-09 20.6445
42.9160 6.339E-09 20.6302 6.314E-09 20.6345 6.318E-09 20.6339 6.293E-09 20.6382
42.9790 6.318E-09 20.6339 6.345E-09 20.6292 6.309E-09 20.6354 6.323E-09 20.6330
43.0420 6.281E-09 20.6402 6.347E-09 20.6289 6.284E-09 20.6398 6.316E-09 20.6342
43.1050 6.259E-09 20.6441 6.309E-09 20.6354 6.254E-09 20.6449 6.287E-09 20.6391
43.1680 6.241E-09 20.6471 6.262E-09 20.6435 6.248E-09 20.6459 6.289E-09 20.6389
43.2310 6.228E-09 20.6495 6.228E-09 20.6494 6.251E-09 20.6454 6.277E-09 20.6409
43.2940 6.256E-09 20.6446 6.241E-09 20.6472 6.236E-09 20.6480 6.261E-09 20.6436
43.3570 6.283E-09 20.6398 6.261E-09 20.6437 6.203E-09 20.6537 6.258E-09 20.6442
43.4200 6.244E-09 20.6466 6.246E-09 20.6462 6.183E-09 20.6572 6.239E-09 20.6476
43.4830 6.210E-09 20.6525 6.267E-09 20.6427 6.184E-09 20.6572 6.213E-09 20.6520
43.5460 6.217E-09 20.6513 6.340E-09 20.6301 6.207E-09 20.6531 6.206E-09 20.6533
43.6090 6.211E-09 20.6524 6.375E-09 20.6241 6.250E-09 20.6457 6.206E-09 20.6533
43.6720 6.212E-09 20.6523 6.341E-09 20.6299 6.276E-09 20.6410 6.214E-09 20.6519
43.7350 6.230E-09 20.6491 6.291E-09 20.6385 6.266E-09 20.6427 6.254E-09 20.6449
43.7980 6.239E-09 20.6475 6.274E-09 20.6415 6.253E-09 20.6451 6.283E-09 20.6398
43.8610 6.246E-09 20.6462 6.291E-09 20.6385 6.260E-09 20.6438 6.262E-09 20.6435
43.9240 6.253E-09 20.6451 6.286E-09 20.6394 6.280E-09 20.6404 6.261E-09 20.6437
43.9870 6.231E-09 20.6489 6.277E-09 20.6410 6.270E-09 20.6421 6.253E-09 20.6451
44.0500 6.213E-09 20.6520 6.294E-09 20.6380 6.242E-09 20.6470 6.231E-09 20.6489
44.1130 6.215E-09 20.6516 6.268E-09 20.6424 6.233E-09 20.6486 6.233E-09 20.6486
44.1760 6.224E-09 20.6501 6.215E-09 20.6516 6.232E-09 20.6487 6.250E-09 20.6456
44.2390 6.249E-09 20.6458 6.209E-09 20.6527 6.231E-09 20.6489 6.259E-09 20.6441
44.3020 6.291E-09 20.6384 6.218E-09 20.6512 6.225E-09 20.6499 6.267E-09 20.6426
44.3650 6.311E-09 20.6351 6.212E-09 20.6523 6.241E-09 20.6472 6.280E-09 20.6404
44.4280 6.291E-09 20.6385 6.245E-09 20.6464 6.257E-09 20.6443 6.276E-09 20.6411
44.4910 6.267E-09 20.6427 6.320E-09 20.6335 6.251E-09 20.6454 6.261E-09 20.6437
44.5540 6.259E-09 20.6440 6.349E-09 20.6286 6.259E-09 20.6440 6.247E-09 20.6460
44.6170 6.268E-09 20.6425 6.346E-09 20.6291 6.286E-09 20.6393 6.232E-09 20.6487
44.6800 6.272E-09 20.6418 6.333E-09 20.6312 6.305E-09 20.6360 6.233E-09 20.6485
44.7430 6.260E-09 20.6438 6.299E-09 20.6371 6.314E-09 20.6346 6.255E-09 20.6447
44.8060 6.270E-09 20.6421 6.280E-09 20.6404 6.298E-09 20.6373 6.280E-09 20.6404
44.8690 6.287E-09 20.6392 6.282E-09 20.6400 6.270E-09 20.6421 6.276E-09 20.6410
44.9320 6.306E-09 20.6358 6.280E-09 20.6404 6.269E-09 20.6422 6.248E-09 20.6460
44.9950 6.331E-09 20.6316 6.258E-09 20.6443 6.284E-09 20.6398 6.230E-09 20.6491
45.0580 6.322E-09 20.6331 6.219E-09 20.6510 6.309E-09 20.6355 6.228E-09 20.6494
45.1210 6.296E-09 20.6376 6.224E-09 20.6501 6.323E-09 20.6330 6.216E-09 20.6514
45.1840 6.277E-09 20.6409 6.262E-09 20.6435 6.300E-09 20.6370 6.207E-09 20.6531
45.2470 6.261E-09 20.6436 6.260E-09 20.6438 6.274E-09 20.6414 6.221E-09 20.6507
45.3100 6.260E-09 20.6439 6.235E-09 20.6482 6.288E-09 20.6390 6.254E-09 20.6450
45.3730 6.258E-09 20.6443 6.239E-09 20.6475 6.303E-09 20.6364 6.275E-09 20.6412
45.4360 6.255E-09 20.6448 6.267E-09 20.6427 6.284E-09 20.6396 6.258E-09 20.6442
45.4990 6.274E-09 20.6415 6.282E-09 20.6400 6.236E-09 20.6481 6.230E-09 20.6490
45.5620 6.287E-09 20.6392 6.300E-09 20.6370 6.186E-09 20.6568 6.227E-09 20.6496
45.6250 6.290E-09 20.6387 6.295E-09 20.6377 6.215E-09 20.6517 6.248E-09 20.6460
45.6880 6.301E-09 20.6367 6.267E-09 20.6426 6.288E-09 20.6391 6.259E-09 20.6440
45.7510 6.300E-09 20.6369 6.263E-09 20.6434 6.304E-09 20.6362 6.244E-09 20.6466
45.8140 6.260E-09 20.6438 6.267E-09 20.6427 6.303E-09 20.6364 6.233E-09 20.6485
45.8770 6.244E-09 20.6467 6.274E-09 20.6414 6.308E-09 20.6356 6.251E-09 20.6454
45.9400 6.271E-09 20.6420 6.298E-09 20.6373 6.279E-09 20.6406 6.266E-09 20.6429
46.0030 6.268E-09 20.6425 6.278E-09 20.6407 6.225E-09 20.6499 6.271E-09 20.6420
46.0660 6.237E-09 20.6478 6.245E-09 20.6465 6.189E-09 20.6563 6.261E-09 20.6436
46.1290 6.234E-09 20.6484 6.273E-09 20.6415 6.204E-09 20.6537 6.231E-09 20.6489
46.1920 6.240E-09 20.6474 6.323E-09 20.6329 6.268E-09 20.6425 6.233E-09 20.6486
46.2550 6.271E-09 20.6419 6.342E-09 20.6297 6.312E-09 20.6349 6.272E-09 20.6417
46.3180 6.285E-09 20.6396 6.323E-09 20.6329 6.299E-09 20.6372 6.264E-09 20.6432
46.3810 6.247E-09 20.6462 6.287E-09 20.6392 6.252E-09 20.6452 6.237E-09 20.6479
46.4440 6.233E-09 20.6486 6.246E-09 20.6463 6.221E-09 20.6507 6.245E-09 20.6465
46.5070 6.276E-09 20.6412 6.231E-09 20.6490 6.236E-09 20.6480 6.290E-09 20.6387
46.5700 6.301E-09 20.6368 6.253E-09 20.6450 6.262E-09 20.6435 6.314E-09 20.6346
46.6330 6.263E-09 20.6433 6.270E-09 20.6421 6.254E-09 20.6449 6.277E-09 20.6410
46.6960 6.203E-09 20.6538 6.252E-09 20.6452 6.249E-09 20.6458 6.252E-09 20.6453
46.7590 6.180E-09 20.6579 6.237E-09 20.6478 6.245E-09 20.6464 6.265E-09 20.6430
46.8220 6.209E-09 20.6527 6.255E-09 20.6448 6.216E-09 20.6515 6.257E-09 20.6443
46.8850 6.236E-09 20.6481 6.280E-09 20.6405 6.179E-09 20.6580 6.184E-09 20.6572
46.9480 6.246E-09 20.6463 6.301E-09 20.6368 6.168E-09 20.6599 6.147E-09 20.6636
47.0110 6.248E-09 20.6459 6.311E-09 20.6350 6.168E-09 20.6600 6.173E-09 20.6591
47.0740 6.234E-09 20.6484 6.308E-09 20.6356 6.182E-09 20.6575 6.190E-09 20.6561
47.1370 6.261E-09 20.6437 6.272E-09 20.6418 6.227E-09 20.6497 6.192E-09 20.6557
47.2000 6.306E-09 20.6359 6.239E-09 20.6476 6.260E-09 20.6439 6.193E-09 20.6555
47.2630 6.299E-09 20.6371 6.223E-09 20.6502 6.259E-09 20.6440 6.227E-09 20.6496
47.3260 6.262E-09 20.6435 6.200E-09 20.6543 6.283E-09 20.6399 6.262E-09 20.6436
47.3890 6.232E-09 20.6487 6.160E-09 20.6613 6.321E-09 20.6333 6.283E-09 20.6399
47.4520 6.186E-09 20.6567 6.148E-09 20.6635 6.328E-09 20.6321 6.306E-09 20.6359
47.5150 6.157E-09 20.6619 6.197E-09 20.6548 6.313E-09 20.6347 6.298E-09 20.6372
47.5780 6.183E-09 20.6573 6.263E-09 20.6434 6.292E-09 20.6383 6.267E-09 20.6426
47.6410 6.237E-09 20.6479 6.294E-09 20.6379 6.281E-09 20.6402 6.276E-09 20.6411
47.7040 6.278E-09 20.6407 6.276E-09 20.6410 6.279E-09 20.6406 6.296E-09 20.6377
47.7670 6.281E-09 20.6402 6.236E-09 20.6480 6.248E-09 20.6460 6.289E-09 20.6388
47.8300 6.271E-09 20.6419 6.204E-09 20.6537 6.207E-09 20.6530 6.262E-09 20.6436
47.8930 6.279E-09 20.6405 6.206E-09 20.6533 6.203E-09 20.6538 6.220E-09 20.6508
47.9560 6.278E-09 20.6408 6.236E-09 20.6480 6.240E-09 20.6474 6.197E-09 20.6549
48.0190 6.265E-09 20.6429 6.240E-09 20.6474 6.282E-09 20.6400 6.196E-09 20.6551
48.0820 6.256E-09 20.6446 6.239E-09 20.6475 6.266E-09 20.6428 6.218E-09 20.6512
48.1450 6.250E-09 20.6457 6.267E-09 20.6427 6.235E-09 20.6483 6.246E-09 20.6464
48.2080 6.244E-09 20.6466 6.272E-09 20.6419 6.227E-09 20.6496 6.240E-09 20.6473
48.2710 6.256E-09 20.6446 6.227E-09 20.6497 6.227E-09 20.6496 6.217E-09 20.6514
48.3340 6.264E-09 20.6432 6.198E-09 20.6547 6.262E-09 20.6435 6.194E-09 20.6553
48.3970 6.233E-09 20.6486 6.224E-09 20.6501 6.266E-09 20.6428 6.197E-09 20.6548
48.4600 6.178E-09 20.6581 6.256E-09 20.6445 6.222E-09 20.6505 6.227E-09 20.6497
48.5230 6.164E-09 20.6607 6.260E-09 20.6439 6.213E-09 20.6521 6.259E-09 20.6440
48.5860 6.225E-09 20.6500 6.274E-09 20.6414 6.221E-09 20.6506 6.283E-09 20.6398
48.6490 6.291E-09 20.6385 6.287E-09 20.6392 6.233E-09 20.6486 6.268E-09 20.6425
48.7120 6.298E-09 20.6373 6.291E-09 20.6385 6.261E-09 20.6438 6.229E-09 20.6492
48.7750 6.283E-09 20.6399 6.286E-09 20.6393 6.280E-09 20.6404 6.215E-09 20.6517
48.8380 6.268E-09 20.6424 6.272E-09 20.6418 6.289E-09 20.6388 6.213E-09 20.6521
48.9010 6.267E-09 20.6427 6.266E-09 20.6427 6.306E-09 20.6359 6.191E-09 20.6560
48.9640 6.278E-09 20.6407 6.263E-09 20.6433 6.302E-09 20.6365 6.200E-09 20.6543
49.0270 6.291E-09 20.6385 6.262E-09 20.6436 6.301E-09 20.6368 6.223E-09 20.6504
49.0900 6.303E-09 20.6364 6.267E-09 20.6427 6.311E-09 20.6351 6.216E-09 20.6515
49.1530 6.314E-09 20.6345 6.270E-09 20.6421 6.305E-09 20.6360 6.210E-09 20.6526
49.2160 6.305E-09 20.6360 6.268E-09 20.6425 6.271E-09 20.6420 6.186E-09 20.6567
49.2790 6.290E-09 20.6386 6.258E-09 20.6442 6.243E-09 20.6468 6.170E-09 20.6595
49.3420 6.249E-09 20.6457 6.272E-09 20.6418 6.236E-09 20.6480 6.198E-09 20.6546
49.4050 6.174E-09 20.6589 6.312E-09 20.6350 6.245E-09 20.6465 6.242E-09 20.6469
49.4680 6.132E-09 20.6663 6.320E-09 20.6335 6.270E-09 20.6421 6.275E-09 20.6412
49.5310 6.163E-09 20.6608 6.315E-09 20.6343 6.290E-09 20.6387 6.303E-09 20.6365
49.5940 6.214E-09 20.6519 6.327E-09 20.6322 6.273E-09 20.6416 6.297E-09 20.6374
49.6570 6.229E-09 20.6492 6.307E-09 20.6358 6.253E-09 20.6450 6.245E-09 20.6464
49.7200 6.253E-09 20.6450 6.238E-09 20.6477 6.256E-09 20.6445 6.215E-09 20.6517
49.7830 6.284E-09 20.6396 6.223E-09 20.6503 6.260E-09 20.6438 6.223E-09 20.6503
49.8460 6.274E-09 20.6415 6.278E-09 20.6407 6.242E-09 20.6469 6.226E-09 20.6497
49.9090 6.232E-09 20.6488 6.302E-09 20.6367 6.229E-09 20.6492 6.222E-09 20.6505
49.9720 6.227E-09 20.6497 6.283E-09 20.6398 6.259E-09 20.6441 6.217E-09 20.6513
50.0350 6.249E-09 20.6458 6.291E-09 20.6386 6.271E-09 20.6419 6.248E-09 20.6460
50.0980 6.241E-09 20.6472 6.305E-09 20.6361 6.221E-09 20.6507 6.262E-09 20.6435
50.1610 6.205E-09 20.6534 6.296E-09 20.6377 6.186E-09 20.6567 6.258E-09 20.6442
50.2240 6.171E-09 20.6595 6.265E-09 20.6430 6.211E-09 20.6524 6.299E-09 20.6371
50.2870 6.176E-09 20.6584 6.241E-09 20.6472 6.248E-09 20.6459 6.327E-09 20.6323
50.3500 6.212E-09 20.6522 6.240E-09 20.6474 6.250E-09 20.6455 6.316E-09 20.6342
50.4130 6.232E-09 20.6487 6.224E-09 20.6501 6.246E-09 20.6463 6.308E-09 20.6355
50.4760 6.249E-09 20.6458 6.223E-09 20.6504 6.283E-09 20.6399 6.310E-09 20.6351
50.5390 6.280E-09 20.6404 6.250E-09 20.6456 6.300E-09 20.6370 6.323E-09 20.6330
50.6020 6.296E-09 20.6377 6.273E-09 20.6416 6.257E-09 20.6443 6.341E-09 20.6299
50.6650 6.293E-09 20.6382 6.287E-09 20.6392 6.210E-09 20.6526 6.332E-09 20.6314
50.7280 6.280E-09 20.6403 6.284E-09 20.6397 6.224E-09 20.6501 6.304E-09 20.6362
50.7910 6.250E-09 20.6456 6.260E-09 20.6439 6.269E-09 20.6422 6.276E-09 20.6410
50.8540 6.207E-09 20.6531 6.220E-09 20.6508 6.270E-09 20.6422 6.262E-09 20.6436
50.9170 6.186E-09 20.6568 6.217E-09 20.6513 6.243E-09 20.6468 6.280E-09 20.6405
50.9800 6.194E-09 20.6553 6.226E-09 20.6497 6.240E-09 20.6473 6.281E-09 20.6402
51.0430 6.230E-09 20.6490 6.207E-09 20.6531 6.225E-09 20.6499 6.236E-09 20.6480
51.1060 6.276E-09 20.6411 6.195E-09 20.6552 6.201E-09 20.6542 6.200E-09 20.6544
51.1690 6.295E-09 20.6377 6.216E-09 20.6514 6.184E-09 20.6572 6.199E-09 20.6545
51.2320 6.303E-09 20.6363 6.280E-09 20.6403 6.203E-09 20.6538 6.203E-09 20.6537
51.2950 6.298E-09 20.6373 6.334E-09 20.6310 6.255E-09 20.6447 6.211E-09 20.6523
51.3580 6.229E-09 20.6492 6.322E-09 20.6332 6.263E-09 20.6433 6.241E-09 20.6471
51.4210 6.184E-09 20.6571 6.294E-09 20.6380 6.227E-09 20.6495 6.266E-09 20.6428
51.4840 6.208E-09 20.6530 6.295E-09 20.6377 6.216E-09 20.6515 6.276E-09 20.6410
51.5470 6.225E-09 20.6499 6.292E-09 20.6383 6.257E-09 20.6444 6.273E-09 20.6416
51.6100 6.215E-09 20.6517 6.286E-09 20.6393 6.306E-09 20.6359 6.283E-09 20.6398
51.6730 6.200E-09 20.6543 6.282E-09 20.6401 6.316E-09 20.6342 6.302E-09 20.6367
51.7360 6.210E-09 20.6525 6.266E-09 20.6429 6.265E-09 20.6430 6.291E-09 20.6385
51.7990 6.253E-09 20.6451 6.229E-09 20.6492 6.226E-09 20.6497 6.280E-09 20.6403
51.8620 6.315E-09 20.6343 6.199E-09 20.6544 6.219E-09 20.6509 6.286E-09 20.6394
51.9250 6.327E-09 20.6323 6.202E-09 20.6539 6.229E-09 20.6493 6.281E-09 20.6403
51.9880 6.268E-09 20.6424 6.213E-09 20.6521 6.235E-09 20.6482 6.279E-09 20.6406
52.0510 6.244E-09 20.6467 6.223E-09 20.6503 6.236E-09 20.6480 6.276E-09 20.6410
52.1140 6.238E-09 20.6477 6.236E-09 20.6480 6.263E-09 20.6433 6.246E-09 20.6463
52.1770 6.217E-09 20.6514 6.254E-09 20.6450 6.280E-09 20.6404 6.220E-09 20.6508
52.2400 6.215E-09 20.6517 6.300E-09 20.6370 6.258E-09 20.6442 6.235E-09 20.6483
52.3030 6.229E-09 20.6492 6.352E-09 20.6281 6.263E-09 20.6434 6.259E-09 20.6440
52.3660 6.225E-09 20.6500 6.344E-09 20.6294 6.281E-09 20.6402 6.257E-09 20.6444
52.4290 6.185E-09 20.6569 6.277E-09 20.6408 6.267E-09 20.6427 6.232E-09 20.6487
52.4920 6.156E-09 20.6620 6.232E-09 20.6487 6.254E-09 20.6450 6.234E-09 20.6484
52.5550 6.169E-09 20.6597 6.245E-09 20.6464 6.246E-09 20.6462 6.272E-09 20.6417
52.6180 6.190E-09 20.6561 6.263E-09 20.6433 6.245E-09 20.6464 6.290E-09 20.6387
52.6810 6.211E-09 20.6525 6.252E-09 20.6452 6.233E-09 20.6485 6.267E-09 20.6426
52.7440 6.249E-09 20.6457 6.247E-09 20.6460 6.222E-09 20.6505 6.252E-09 20.6453
52.8070 6.272E-09 20.6419 6.274E-09 20.6414 6.235E-09 20.6482 6.260E-09 20.6438
52.8700 6.267E-09 20.6426 6.288E-09 20.6390 6.254E-09 20.6449 6.258E-09 20.6443
52.9330 6.265E-09 20.6430 6.286E-09 20.6394 6.254E-09 20.6449 6.252E-09 20.6452
52.9960 6.271E-09 20.6420 6.294E-09 20.6379 6.234E-09 20.6484 6.259E-09 20.6440
53.0590 6.290E-09 20.6387 6.305E-09 20.6362 6.229E-09 20.6492 6.274E-09 20.6414
53.1220 6.321E-09 20.6334 6.294E-09 20.6381 6.251E-09 20.6454 6.273E-09 20.6416
53.1850 6.294E-09 20.6380 6.270E-09 20.6422 6.256E-09 20.6446 6.244E-09 20.6466
53.2480 6.272E-09 20.6419 6.236E-09 20.6480 6.260E-09 20.6439 6.226E-09 20.6498
53.3110 6.271E-09 20.6419 6.223E-09 20.6503 6.260E-09 20.6439 6.234E-09 20.6483
53.3740 6.253E-09 20.6450 6.239E-09 20.6475 6.252E-09 20.6453 6.273E-09 20.6415
53.4370 6.239E-09 20.6476 6.247E-09 20.6462 6.260E-09 20.6439 6.306E-09 20.6359
53.5000 6.241E-09 20.6471 6.208E-09 20.6530 6.266E-09 20.6427 6.274E-09 20.6414
53.5630 6.263E-09 20.6433 6.178E-09 20.6582 6.246E-09 20.6463 6.224E-09 20.6501
53.6260 6.251E-09 20.6455 6.185E-09 20.6570 6.244E-09 20.6466 6.212E-09 20.6522
53.6890 6.191E-09 20.6559 6.204E-09 20.6537 6.257E-09 20.6443 6.218E-09 20.6512
53.7520 6.166E-09 20.6602 6.216E-09 20.6515 6.257E-09 20.6444 6.227E-09 20.6496
53.8150 6.186E-09 20.6568 6.237E-09 20.6479 6.255E-09 20.6447 6.246E-09 20.6462
53.8780 6.211E-09 20.6524 6.265E-09 20.6429 6.256E-09 20.6446 6.283E-09 20.6398
53.9410 6.219E-09 20.6510 6.277E-09 20.6409 6.252E-09 20.6452 6.309E-09 20.6354
54.0040 6.245E-09 20.6465 6.262E-09 20.6434 6.261E-09 20.6437 6.296E-09 20.6376
54.0670 6.291E-09 20.6385 6.246E-09 20.6463 6.291E-09 20.6385 6.249E-09 20.6458
54.1300 6.310E-09 20.6353 6.254E-09 20.6449 6.284E-09 20.6398 6.184E-09 20.6571
54.1930 6.294E-09 20.6380 6.242E-09 20.6469 6.228E-09 20.6494 6.177E-09 20.6583
54.2560 6.270E-09 20.6421 6.223E-09 20.6503 6.204E-09 20.6535 6.196E-09 20.6550
54.3190 6.255E-09 20.6447 6.228E-09 20.6494 6.226E-09 20.6499 6.187E-09 20.6565
54.3820 6.254E-09 20.6449 6.233E-09 20.6486 6.246E-09 20.6463 6.186E-09 20.6568
54.4450 6.244E-09 20.6466 6.241E-09 20.6471 6.234E-09 20.6484 6.185E-09 20.6569
54.5080 6.227E-09 20.6497 6.237E-09 20.6478 6.221E-09 20.6506 6.204E-09 20.6536
54.5710 6.230E-09 20.6492 6.197E-09 20.6549 6.236E-09 20.6481 6.239E-09 20.6475
54.6340 6.250E-09 20.6456 6.155E-09 20.6622 6.281E-09 20.6402 6.251E-09 20.6454
54.6970 6.266E-09 20.6428 6.167E-09 20.6601 6.345E-09 20.6292 6.248E-09 20.6459
54.7600 6.283E-09 20.6398 6.230E-09 20.6491 6.387E-09 20.6221 6.263E-09 20.6434
54.8230 6.304E-09 20.6362 6.304E-09 20.6362 6.358E-09 20.6269 6.280E-09 20.6404
54.8860 6.293E-09 20.6381 6.325E-09 20.6326 6.300E-09 20.6370 6.283E-09 20.6398
54.9490 6.250E-09 20.6456 6.303E-09 20.6364 6.275E-09 20.6412 6.291E-09 20.6385
55.0120 6.208E-09 20.6529 6.282E-09 20.6400 6.245E-09 20.6465 6.293E-09 20.6381
55.0750 6.198E-09 20.6546 6.268E-09 20.6424 6.205E-09 20.6534 6.285E-09 20.6395
55.1380 6.213E-09 20.6521 6.226E-09 20.6498 6.219E-09 20.6509 6.284E-09 20.6396
55.2010 6.229E-09 20.6492 6.200E-09 20.6543 6.252E-09 20.6453 6.285E-09 20.6395
55.2640 6.264E-09 20.6431 6.228E-09 20.6494 6.280E-09 20.6404 6.281E-09 20.6403
55.3270 6.324E-09 20.6328 6.242E-09 20.6470 6.300E-09 20.6370 6.288E-09 20.6390
55.3900 6.334E-09 20.6311 6.197E-09 20.6549 6.292E-09 20.6383 6.291E-09 20.6385
55.4530 6.293E-09 20.6381 6.144E-09 20.6642 6.272E-09 20.6417 6.268E-09 20.6424
55.5160 6.287E-09 20.6391 6.112E-09 20.6699 6.257E-09 20.6443 6.217E-09 20.6513
55.5790 6.282E-09 20.6401 6.119E-09 20.6685 6.242E-09 20.6469 6.178E-09 20.6582
55.6420 6.255E-09 20.6448 6.158E-09 20.6617 6.248E-09 20.6460 6.166E-09 20.6602
55.7050 6.217E-09 20.6513 6.185E-09 20.6569 6.262E-09 20.6435 6.157E-09 20.6619
55.7680 6.170E-09 20.6596 6.195E-09 20.6552 6.255E-09 20.6447 6.176E-09 20.6586
55.8310 6.174E-09 20.6589 6.227E-09 20.6495 6.258E-09 20.6441 6.232E-09 20.6487
55.8940 6.229E-09 20.6492 6.247E-09 20.6462 6.276E-09 20.6411 6.262E-09 20.6436
55.9570 6.251E-09 20.6454 6.240E-09 20.6474 6.275E-09 20.6412 6.254E-09 20.6450
56.0200 6.218E-09 20.6511 6.230E-09 20.6490 6.272E-09 20.6417 6.258E-09 20.6442
56.0830 6.191E-09 20.6560 6.228E-09 20.6494 6.257E-09 20.6444 6.284E-09 20.6396
56.1460 6.213E-09 20.6520 6.227E-09 20.6496 6.222E-09 20.6505 6.269E-09 20.6424
56.2090 6.260E-09 20.6439 6.243E-09 20.6467 6.221E-09 20.6507 6.222E-09 20.6505
56.2720 6.281E-09 20.6402 6.259E-09 20.6440 6.250E-09 20.6456 6.208E-09 20.6528
56.3350 6.280E-09 20.6405 6.266E-09 20.6428 6.267E-09 20.6426 6.222E-09 20.6506
56.3980 6.267E-09 20.6427 6.279E-09 20.6405 6.284E-09 20.6398 6.230E-09 20.6490
56.4610 6.240E-09 20.6473 6.285E-09 20.6396 6.294E-09 20.6380 6.226E-09 20.6497
56.5240 6.266E-09 20.6429 6.301E-09 20.6368 6.306E-09 20.6359 6.216E-09 20.6516
56.5870 6.318E-09 20.6338 6.317E-09 20.6341 6.318E-09 20.6339 6.228E-09 20.6494
56.6500 6.302E-09 20.6365 6.289E-09 20.6388 6.317E-09 20.6340 6.275E-09 20.6413
56.7130 6.256E-09 20.6445 6.226E-09 20.6497 6.298E-09 20.6372 6.309E-09 20.6354
56.7760 6.231E-09 20.6489 6.202E-09 20.6540 6.250E-09 20.6457 6.309E-09 20.6353
56.8390 6.238E-09 20.6476 6.227E-09 20.6496 6.219E-09 20.6511 6.298E-09 20.6373
56.9020 6.275E-09 20.6412 6.258E-09 20.6441 6.223E-09 20.6502 6.266E-09 20.6427
56.9650 6.305E-09 20.6360 6.271E-09 20.6419 6.249E-09 20.6458 6.248E-09 20.6459
57.0280 6.300E-09 20.6369 6.276E-09 20.6411 6.274E-09 20.6414 6.252E-09 20.6453
57.0910 6.245E-09 20.6465 6.295E-09 20.6379 6.274E-09 20.6414 6.218E-09 20.6512
57.1540 6.197E-09 20.6549 6.302E-09 20.6365 6.251E-09 20.6454 6.182E-09 20.6574
57.2170 6.179E-09 20.6580 6.315E-09 20.6344 6.247E-09 20.6461 6.192E-09 20.6556
57.2800 6.184E-09 20.6570 6.343E-09 20.6296 6.277E-09 20.6409 6.197E-09 20.6549
57.3430 6.205E-09 20.6535 6.345E-09 20.6292 6.289E-09 20.6388 6.179E-09 20.6579
57.4060 6.204E-09 20.6535 6.352E-09 20.6280 6.255E-09 20.6447 6.183E-09 20.6572
57.4690 6.201E-09 20.6541 6.328E-09 20.6321 6.224E-09 20.6502 6.196E-09 20.6550
57.5320 6.210E-09 20.6526 6.267E-09 20.6427 6.202E-09 20.6539 6.210E-09 20.6526
57.5950 6.222E-09 20.6505 6.232E-09 20.6487 6.190E-09 20.6561 6.252E-09 20.6453
57.6580 6.240E-09 20.6473 6.257E-09 20.6444 6.199E-09 20.6545 6.284E-09 20.6397
57.7210 6.254E-09 20.6448 6.290E-09 20.6386 6.210E-09 20.6525 6.264E-09 20.6431
57.7840 6.256E-09 20.6445 6.295E-09 20.6378 6.240E-09 20.6474 6.249E-09 20.6457
57.8470 6.252E-09 20.6453 6.276E-09 20.6411 6.284E-09 20.6397 6.255E-09 20.6448
57.9100 6.249E-09 20.6457 6.247E-09 20.6462 6.284E-09 20.6397 6.236E-09 20.6480
57.9730 6.203E-09 20.6537 6.228E-09 20.6494 6.254E-09 20.6449 6.225E-09 20.6499
58.0360 6.157E-09 20.6619 6.253E-09 20.6450 6.242E-09 20.6470 6.246E-09 20.6462
58.0990 6.169E-09 20.6597 6.303E-09 20.6365 6.248E-09 20.6460 6.262E-09 20.6435
58.1620 6.228E-09 20.6495 6.291E-09 20.6386 6.248E-09 20.6460 6.257E-09 20.6444
58.2250 6.282E-09 20.6400 6.238E-09 20.6476 6.250E-09 20.6456 6.241E-09 20.6471
58.2880 6.284E-09 20.6397 6.210E-09 20.6526 6.260E-09 20.6439 6.215E-09 20.6517
58.3510 6.226E-09 20.6497 6.216E-09 20.6516 6.286E-09 20.6393 6.209E-09 20.6527
58.4140 6.177E-09 20.6583 6.223E-09 20.6502 6.301E-09 20.6368 6.235E-09 20.6481
58.4770 6.185E-09 20.6569 6.207E-09 20.6530 6.293E-09 20.6382 6.256E-09 20.6446
58.5400 6.220E-09 20.6508 6.201E-09 20.6542 6.276E-09 20.6411 6.261E-09 20.6437
58.6030 6.225E-09 20.6499 6.216E-09 20.6516 6.274E-09 20.6415 6.263E-09 20.6433
58.6660 6.208E-09 20.6529 6.213E-09 20.6521 6.271E-09 20.6419 6.248E-09 20.6459
58.7290 6.215E-09 20.6517 6.214E-09 20.6519 6.245E-09 20.6465 6.208E-09 20.6529
58.7920 6.255E-09 20.6447 6.234E-09 20.6484 6.238E-09 20.6477 6.192E-09 20.6557
58.8550 6.275E-09 20.6412 6.219E-09 20.6510 6.265E-09 20.6431 6.203E-09 20.6539
58.9180 6.241E-09 20.6471 6.193E-09 20.6556 6.257E-09 20.6444 6.207E-09 20.6530
58.9810 6.203E-09 20.6538 6.200E-09 20.6543 6.236E-09 20.6480 6.208E-09 20.6529
59.0440 6.226E-09 20.6498 6.234E-09 20.6484 6.246E-09 20.6462 6.207E-09 20.6531
59.1070 6.291E-09 20.6385 6.250E-09 20.6455 6.270E-09 20.6421 6.227E-09 20.6496
59.1700 6.320E-09 20.6334 6.234E-09 20.6484 6.284E-09 20.6397 6.237E-09 20.6479
59.2330 6.311E-09 20.6351 6.219E-09 20.6509 6.276E-09 20.6411 6.234E-09 20.6484
59.2960 6.275E-09 20.6412 6.229E-09 20.6493 6.261E-09 20.6437 6.240E-09 20.6474
59.3590 6.226E-09 20.6498 6.255E-09 20.6447 6.270E-09 20.6421 6.242E-09 20.6470
59.4220 6.192E-09 20.6558 6.281E-09 20.6403 6.263E-09 20.6433 6.237E-09 20.6479
59.4850 6.183E-09 20.6573 6.266E-09 20.6428 6.218E-09 20.6512 6.227E-09 20.6495
59.5480 6.195E-09 20.6552 6.241E-09 20.6471 6.201E-09 20.6542 6.239E-09 20.6475
59.6110 6.218E-09 20.6512 6.251E-09 20.6454 6.222E-09 20.6504 6.266E-09 20.6429
59.6740 6.252E-09 20.6453 6.282E-09 20.6400 6.233E-09 20.6486 6.287E-09 20.6392
59.7370 6.289E-09 20.6388 6.299E-09 20.6372 6.221E-09 20.6507 6.294E-09 20.6381
59.8000 6.292E-09 20.6383 6.277E-09 20.6409 6.207E-09 20.6531 6.277E-09 20.6409
59.8630 6.252E-09 20.6452 6.271E-09 20.6419 6.203E-09 20.6538 6.244E-09 20.6466
59.9260 6.221E-09 20.6506 6.279E-09 20.6406 6.218E-09 20.6511 6.222E-09 20.6505
59.9890 6.197E-09 20.6548 6.268E-09 20.6425 6.216E-09 20.6515 6.261E-09 20.6438
60.0520 6.199E-09 20.6545 6.257E-09 20.6445 6.195E-09 20.6552 6.310E-09 20.6352
60.1150 6.241E-09 20.6471 6.252E-09 20.6453 6.214E-09 20.6519 6.307E-09 20.6358
60.1780 6.294E-09 20.6380 6.263E-09 20.6434 6.280E-09 20.6405 6.282E-09 20.6401
60.2410 6.302E-09 20.6366 6.267E-09 20.6426 6.296E-09 20.6376 6.263E-09 20.6434
60.3040 6.270E-09 20.6420 6.277E-09 20.6409 6.267E-09 20.6426 6.250E-09 20.6455
60.3670 6.274E-09 20.6414 6.300E-09 20.6370 6.259E-09 20.6440 6.248E-09 20.6460
60.4300 6.331E-09 20.6316 6.301E-09 20.6368 6.267E-09 20.6427 6.239E-09 20.6475
60.4930 6.323E-09 20.6330 6.284E-09 20.6397 6.265E-09 20.6429 6.241E-09 20.6471
60.5560 6.253E-09 20.6451 6.277E-09 20.6410 6.255E-09 20.6447 6.245E-09 20.6465
60.6190 6.229E-09 20.6492 6.263E-09 20.6433 6.242E-09 20.6469 6.257E-09 20.6443
60.6820 6.259E-09 20.6440 6.258E-09 20.6442 6.243E-09 20.6468 6.295E-09 20.6378
60.7450 6.258E-09 20.6442 6.266E-09 20.6428 6.260E-09 20.6439 6.317E-09 20.6341
60.8080 6.232E-09 20.6487 6.279E-09 20.6406 6.248E-09 20.6460 6.276E-09 20.6411
60.8710 6.217E-09 20.6513 6.273E-09 20.6416 6.234E-09 20.6485 6.238E-09 20.6476
60.9340 6.236E-09 20.6480 6.247E-09 20.6462 6.266E-09 20.6428 6.249E-09 20.6458
60.9970 6.274E-09 20.6415 6.227E-09 20.6496 6.292E-09 20.6383 6.242E-09 20.6469
61.0600 6.302E-09 20.6366 6.225E-09 20.6499 6.278E-09 20.6408 6.243E-09 20.6468
61.1230 6.293E-09 20.6381 6.221E-09 20.6506 6.271E-09 20.6420 6.283E-09 20.6398
61.1860 6.240E-09 20.6473 6.228E-09 20.6494 6.274E-09 20.6414 6.295E-09 20.6378
61.2490 6.214E-09 20.6519 6.268E-09 20.6425 6.259E-09 20.6440 6.296E-09 20.6377
61.3120 6.237E-09 20.6478 6.294E-09 20.6381 6.250E-09 20.6456 6.293E-09 20.6381
61.3750 6.279E-09 20.6406 6.298E-09 20.6373 6.263E-09 20.6433 6.263E-09 20.6433
61.4380 6.312E-09 20.6349 6.302E-09 20.6366 6.275E-09 20.6413 6.252E-09 20.6452
61.5010 6.310E-09 20.6352 6.294E-09 20.6380 6.266E-09 20.6428 6.273E-09 20.6416
61.5640 6.287E-09 20.6393 6.280E-09 20.6404 6.234E-09 20.6484 6.295E-09 20.6378
61.6270 6.288E-09 20.6390 6.270E-09 20.6421 6.217E-09 20.6513 6.288E-09 20.6390
61.6900 6.282E-09 20.6401 6.261E-09 20.6437 6.237E-09 20.6479 6.249E-09 20.6457
61.7530 6.267E-09 20.6427 6.259E-09 20.6439 6.266E-09 20.6428 6.266E-09 20.6429
61.8160 6.277E-09 20.6410 6.268E-09 20.6425 6.279E-09 20.6406 6.299E-09 20.6371
61.8790 6.296E-09 20.6376 6.290E-09 20.6387 6.294E-09 20.6380 6.268E-09 20.6425
61.9420 6.301E-09 20.6367 6.319E-09 20.6337 6.287E-09 20.6392 6.220E-09 20.6508
62.0050 6.275E-09 20.6413 6.291E-09 20.6384 6.272E-09 20.6418 6.194E-09 20.6553
62.0680 6.239E-09 20.6475 6.217E-09 20.6514 6.277E-09 20.6410 6.197E-09 20.6548
62.1310 6.229E-09 20.6493 6.171E-09 20.6595 6.272E-09 20.6418 6.209E-09 20.6527
62.1940 6.231E-09 20.6490 6.171E-09 20.6594 6.277E-09 20.6409 6.208E-09 20.6529
62.2570 6.227E-09 20.6495 6.196E-09 20.6551 6.294E-09 20.6379 6.225E-09 20.6499
62.3200 6.212E-09 20.6522 6.204E-09 20.6536 6.303E-09 20.6365 6.267E-09 20.6426
62.3830 6.213E-09 20.6520 6.194E-09 20.6554 6.281E-09 20.6402 6.292E-09 20.6383
62.4460 6.242E-09 20.6469 6.204E-09 20.6536 6.250E-09 20.6456 6.281E-09 20.6403
62.5090 6.272E-09 20.6418 6.224E-09 20.6502 6.245E-09 20.6465 6.279E-09 20.6406
62.5720 6.283E-09 20.6399 6.229E-09 20.6492 6.258E-09 20.6442 6.283E-09 20.6398
62.6350 6.243E-09 20.6469 6.251E-09 20.6453 6.266E-09 20.6427 6.285E-09 20.6396
62.6980 6.226E-09 20.6497 6.295E-09 20.6379 6.293E-09 20.6382 6.292E-09 20.6382
62.7610 6.267E-09 20.6426 6.308E-09 20.6355 6.322E-09 20.6331 6.309E-09 20.6354
62.8240 6.284E-09 20.6398 6.297E-09 20.6375 6.304E-09 20.6362 6.309E-09 20.6353
62.8870 6.277E-09 20.6409 6.294E-09 20.6380 6.274E-09 20.6415 6.260E-09 20.6438
62.9500 6.268E-09 20.6425 6.263E-09 20.6433 6.246E-09 20.6462 6.234E-09 20.6484
63.0130 6.272E-09 20.6418 6.218E-09 20.6511 6.236E-09 20.6481 6.259E-09 20.6441
63.0760 6.282E-09 20.6401 6.207E-09 20.6530 6.255E-09 20.6448 6.294E-09 20.6380
63.1390 6.278E-09 20.6408 6.229E-09 20.6493 6.256E-09 20.6445 6.303E-09 20.6364
63.2020 6.274E-09 20.6414 6.234E-09 20.6484 6.229E-09 20.6493 6.280E-09 20.6404
63.2650 6.268E-09 20.6425 6.233E-09 20.6485 6.231E-09 20.6490 6.245E-09 20.6465
63.3280 6.258E-09 20.6443 6.239E-09 20.6475 6.234E-09 20.6483 6.220E-09 20.6509
63.3910 6.269E-09 20.6424 6.226E-09 20.6497 6.217E-09 20.6513 6.240E-09 20.6473
63.4540 6.287E-09 20.6392 6.218E-09 20.6512 6.234E-09 20.6484 6.283E-09 20.6399
63.5170 6.254E-09 20.6449 6.216E-09 20.6515 6.266E-09 20.6427 6.307E-09 20.6357
63.5800 6.210E-09 20.6526 6.228E-09 20.6494 6.282E-09 20.6401 6.325E-09 20.6327
63.6430 6.198E-09 20.6547 6.253E-09 20.6451 6.275E-09 20.6413 6.328E-09 20.6321
63.7060 6.197E-09 20.6548 6.266E-09 20.6429 6.279E-09 20.6405 6.288E-09 20.6391
63.7690 6.206E-09 20.6533 6.253E-09 20.6450 6.296E-09 20.6376 6.253E-09 20.6450
63.8320 6.218E-09 20.6512 6.221E-09 20.6506 6.271E-09 20.6419 6.259E-09 20.6441
63.8950 6.217E-09 20.6513 6.223E-09 20.6503 6.217E-09 20.6513 6.258E-09 20.6442
63.9580 6.233E-09 20.6486 6.252E-09 20.6453 6.205E-09 20.6534 6.255E-09 20.6447
64.0210 6.248E-09 20.6459 6.267E-09 20.6426 6.230E-09 20.6490 6.276E-09 20.6411
64.0840 6.216E-09 20.6515 6.265E-09 20.6429 6.232E-09 20.6486 6.293E-09 20.6381
64.1470 6.165E-09 20.6605 6.264E-09 20.6431 6.244E-09 20.6466 6.259E-09 20.6441
64.2100 6.168E-09 20.6600 6.255E-09 20.6447 6.252E-09 20.6453 6.246E-09 20.6462
64.2730 6.219E-09 20.6509 6.247E-09 20.6461 6.222E-09 20.6504 6.280E-09 20.6403
64.3360 6.258E-09 20.6443 6.260E-09 20.6438 6.216E-09 20.6515 6.291E-09 20.6386
64.3990 6.276E-09 20.6411 6.275E-09 20.6413 6.259E-09 20.6440 6.285E-09 20.6395
64.4620 6.297E-09 20.6375 6.285E-09 20.6394 6.297E-09 20.6374 6.306E-09 20.6358
