# ERS 1386 - Direct Observations of Exoplanetary Systems with JWST
# HIP 65426, F1140C/RDI Contrast Curve
# Star Apparent Magnitude = 6.722(vegamag) / 0.0587(Jy)
# Separation(") /// Contrast /// Uncalibrated Contrast
1.794007680874224187e-01 5.386770022651470313e-01 6.290305759151729181e-02
3.588015361748448373e-01 5.889932946937905325e-03 1.553447825088455792e-03
5.382023042622672282e-01 1.084834258209439739e-03 4.722867442672558282e-04
7.176030723496896746e-01 3.292238230569392962e-04 1.987639299466754321e-04
8.970038404371121210e-01 2.128418469300471074e-04 1.593817106428869817e-04
1.076404608524534456e+00 1.450091254742321128e-04 1.248962365110465786e-04
1.255805376611957014e+00 1.242958918784714821e-04 1.169966231798665046e-04
1.435206144699379349e+00 1.086989056001942081e-04 1.081142298895201013e-04
1.614606912786801685e+00 8.747251249844685734e-05 9.000637079958898252e-05
1.794007680874224242e+00 7.109984439557533024e-05 7.471999644071833575e-05
1.973408448961646355e+00 6.077829959966292228e-05 6.472053981680119428e-05
2.152809217049068913e+00 6.070952647009088840e-05 6.514745836811683703e-05
2.332209985136491248e+00 6.073407371683539564e-05 6.538703914892798495e-05
2.511610753223914472e+00 6.007055001348339269e-05 6.463283425996273473e-05
2.691011521311335919e+00 5.980329800852653691e-05 6.409999800052726860e-05
2.870412289398758698e+00 5.750171204612493337e-05 6.126334523198914087e-05
3.049813057486181034e+00 5.518721804921682399e-05 5.838731160220125794e-05
3.229213825573603813e+00 5.834444444399910959e-05 6.130712870460480897e-05
3.408614593661025705e+00 5.941299834101156454e-05 6.206624798304194988e-05
3.588015361748448484e+00 5.727345336423901194e-05 5.956513820532462916e-05
3.767416129835870819e+00 5.811324472566864853e-05 6.025360866388189683e-05
3.946816897923293599e+00 5.722017454269419259e-05 5.921427024717010036e-05
4.126217666010715490e+00 5.542783974905972756e-05 5.729705639011277083e-05
4.305618434098137826e+00 5.488426591661226873e-05 5.670299521062877127e-05
4.485019202185561049e+00 5.411888805586460285e-05 5.589712004558578033e-05
4.664419970272982496e+00 5.720516621937861895e-05 5.907779035723407677e-05
4.843820738360405720e+00 5.871098899000141036e-05 6.063000094878370219e-05
5.023221506447828055e+00 5.516074304976501479e-05 5.696269825325682423e-05
5.202622274535250391e+00 5.346800803061042113e-05 5.521432939353721652e-05
5.382023042622672726e+00 5.379672423832270633e-05 5.555367485716581802e-05
5.561423810710094173e+00 5.184859058276650401e-05 5.354188695053869101e-05
5.740824578797517397e+00 4.816580713294001657e-05 4.973882187520902018e-05
5.920225346884940620e+00 4.852501849676757424e-05 5.010976260566245413e-05
6.099626114972362068e+00 5.071841521024786847e-05 5.237479145473539834e-05
6.279026883059785291e+00 5.091901496242469611e-05 5.258194235434270167e-05
6.458427651147206738e+00 5.126010464687218897e-05 5.293417142199921348e-05
6.637828419234629962e+00 5.152741772491679391e-05 5.321021448157724063e-05
6.817229187322052297e+00 4.877043144845209490e-05 5.036318977902872661e-05
6.996629955409473745e+00 4.889230619541716456e-05 5.048904474533274817e-05
7.176030723496896968e+00 5.262364110482859521e-05 5.434223862920241951e-05
7.355431491584319303e+00 6.220187007934771832e-05 6.423327607264897382e-05
7.534832259671741639e+00 6.396508335850725941e-05 6.605407286204972850e-05
7.714233027759164862e+00 5.246243895875861061e-05 5.417577189855704453e-05
7.893633795846587198e+00 4.962773840071525114e-05 5.124849490036040615e-05
8.073034563934008645e+00 5.097871124020372796e-05 5.264358818702229886e-05
8.252435332021430980e+00 5.416508317133542679e-05 5.593402153993327913e-05
8.431836100108855092e+00 5.467657923047961668e-05 5.646222217980422019e-05
8.611236868196275651e+00 5.306391709768731890e-05 5.479689327802981472e-05
8.790637636283697987e+00 5.466855036835887080e-05 5.645393110886868035e-05
8.970038404371122098e+00 5.045485595551606238e-05 5.210262469057862710e-05
9.149439172458544434e+00 4.827972341718366313e-05 4.985645606813885979e-05
9.328839940545964993e+00 5.017680823629560118e-05 5.181549641152086204e-05
9.508240708633389104e+00 5.261238000917788310e-05 5.433060976555233082e-05
9.687641476720809663e+00 6.132354712929967953e-05 6.332626860712700222e-05
9.867042244808233775e+00 6.113676864682959474e-05 6.313339026096752423e-05
