# ERS 1386 - Direct Observations of Exoplanetary Systems with JWST
# HIP 65426, F1140C/ADI+RDI Contrast Curve
# Star Apparent Magnitude = 6.722(vegamag) / 0.0587(Jy)
# Separation(") /// Contrast /// Uncalibrated Contrast
1.794007680874224187e-01 2.821077430602039695e+08 2.821077430602039748e-02
3.588015361748448373e-01 1.997055668085812377e-02 7.143937375479189134e-04
5.382023042622672282e-01 1.233767973295841905e-03 2.422649041233375410e-04
7.176030723496896746e-01 3.660840332335355257e-04 1.266185840470789828e-04
8.970038404371121210e-01 2.105567662527778165e-04 9.660825544151975053e-05
1.076404608524534456e+00 1.458709125840448016e-04 8.121522069477215048e-05
1.255805376611957014e+00 1.201418115768676677e-04 7.851925610807255953e-05
1.435206144699379349e+00 9.735906054682115182e-05 7.277007501863920534e-05
1.614606912786801685e+00 8.251362666779301681e-05 6.851381360316815368e-05
1.794007680874224242e+00 7.018296642353105859e-05 6.289494851750654727e-05
1.973408448961646355e+00 5.964238948986791861e-05 5.627485341500076043e-05
2.152809217049068913e+00 5.734357337626949468e-05 5.589739444426302246e-05
2.332209985136491248e+00 5.324026855413851366e-05 5.291098530659283950e-05
2.511610753223914472e+00 5.265260228869634359e-05 5.289461683548708570e-05
2.691011521311335919e+00 5.422814061895292714e-05 5.478653289888040542e-05
2.870412289398758698e+00 4.965097849798579698e-05 5.030233600516931296e-05
3.049813057486181034e+00 4.678401935764342262e-05 4.745904143076080722e-05
3.229213825573603813e+00 4.998940193137555051e-05 5.073920956560810887e-05
3.408614593661025705e+00 5.003132993133590291e-05 5.079346502082793545e-05
3.588015361748448484e+00 4.820746337749552793e-05 4.894615699182554736e-05
3.767416129835870819e+00 4.789803763767617323e-05 4.863355313612276128e-05
3.946816897923293599e+00 4.793777781888149971e-05 4.867443718262122899e-05
4.126217666010715490e+00 4.878492797055167750e-05 4.953477985315251774e-05
4.305618434098137826e+00 4.841373392734164930e-05 4.915793267141242240e-05
4.485019202185561049e+00 4.556712669990505628e-05 4.626758243292482915e-05
4.664419970272982496e+00 4.584718531843468025e-05 4.655194988549776167e-05
4.843820738360405720e+00 4.786853796304357453e-05 4.860437583429761375e-05
5.023221506447828055e+00 4.584498941016497338e-05 4.654972140666321153e-05
5.202622274535250391e+00 4.483868688208644679e-05 4.552794998429670546e-05
5.382023042622672726e+00 4.559592180767401543e-05 4.629682518334373939e-05
5.561423810710094173e+00 4.534519968218581222e-05 4.604224894372157764e-05
5.740824578797517397e+00 4.285112463779859019e-05 4.350983482126492537e-05
5.920225346884940620e+00 4.260925337409699046e-05 4.326424549734980267e-05
6.099626114972362068e+00 4.334580193898315468e-05 4.401211633312025225e-05
6.279026883059785291e+00 4.319355841264442395e-05 4.385753250971932736e-05
6.458427651147206738e+00 4.421907670792130351e-05 4.489881513674323600e-05
6.637828419234629962e+00 4.526270469746855227e-05 4.595848584139684031e-05
6.817229187322052297e+00 4.462333210296564798e-05 4.530928477115055158e-05
6.996629955409473745e+00 4.336041555729884967e-05 4.402695459289809047e-05
7.176030723496896968e+00 4.404323294673743224e-05 4.472026829420077879e-05
7.355431491584319303e+00 4.731482331792624018e-05 4.804214975837983563e-05
7.534832259671741639e+00 4.730056134572782639e-05 4.802766855024761882e-05
7.714233027759164862e+00 4.385035356444443396e-05 4.452442395790980371e-05
7.893633795846587198e+00 4.449961205148413582e-05 4.518366288725486423e-05
8.073034563934008645e+00 4.501331890827290830e-05 4.570526647816170439e-05
8.252435332021430980e+00 4.563038809069686248e-05 4.633182128687554440e-05
8.431836100108855092e+00 4.459438878206281137e-05 4.527989653169807389e-05
8.611236868196275651e+00 4.616255788107968713e-05 4.687217162475307953e-05
8.790637636283697987e+00 4.837335779608831573e-05 4.911695609512893248e-05
8.970038404371122098e+00 4.480012594094966323e-05 4.548879629513353937e-05
9.149439172458544434e+00 4.206252397540198519e-05 4.270911173995847309e-05
9.328839940545964993e+00 4.229908645887660735e-05 4.294931067681038685e-05
9.508240708633389104e+00 4.320914759854028873e-05 4.387336133356174988e-05
9.687641476720809663e+00 4.427457678947316783e-05 4.495516836904008353e-05
9.867042244808233775e+00 4.460517644822253967e-05 4.529085002654061889e-05
