# ERS 1386 - Direct Observations of Exoplanetary Systems with JWST
# HIP 65426, F1140C/ADI Contrast Curve
# Star Apparent Magnitude = 6.722(vegamag) / 0.0587(Jy)
# Separation(") /// Contrast /// Uncalibrated Contrast
1.794007680874224187e-01 8.169857505044909374e+00 5.395748502930906854e-02
3.588015361748448373e-01 2.219416074483088891e-02 1.036936545614197723e-03
5.382023042622672282e-01 2.982754562761865541e-03 3.553289730337622575e-04
7.176030723496896746e-01 1.014347578571481818e-03 2.193976905164682779e-04
8.970038404371121210e-01 4.042596741680865567e-04 1.329176883187761099e-04
1.076404608524534456e+00 1.971967483683055447e-04 8.810650713349539435e-05
1.255805376611957014e+00 1.461592353037852805e-04 8.206147768481025838e-05
1.435206144699379349e+00 1.188400907997482479e-04 7.913575693550462561e-05
1.614606912786801685e+00 1.025573278910998519e-04 7.750804340770720154e-05
1.794007680874224242e+00 8.826553417784340709e-05 7.318002338397220881e-05
1.973408448961646355e+00 7.656024316258917047e-05 6.783714684846983418e-05
2.152809217049068913e+00 7.115869261592029052e-05 6.605577991047522160e-05
2.332209985136491248e+00 6.339334886968274344e-05 6.074329306012092052e-05
2.511610753223914472e+00 6.084875865638263360e-05 5.953852866362533943e-05
2.691011521311335919e+00 6.173909596337864120e-05 6.122217766024354952e-05
2.870412289398758698e+00 5.625465592748768619e-05 5.624438889893170650e-05
3.049813057486181034e+00 5.317246680768533939e-05 5.342274671465295819e-05
3.229213825573603813e+00 5.683268111963976177e-05 5.725940812430629093e-05
3.408614593661025705e+00 5.613042738185570124e-05 5.663839534675445432e-05
3.588015361748448484e+00 5.081097027026776591e-05 5.131218418649174815e-05
3.767416129835870819e+00 5.097572464797756818e-05 5.149964600243457923e-05
3.946816897923293599e+00 5.287017600984227392e-05 5.342423892337711758e-05
4.126217666010715490e+00 5.500171545394718254e-05 5.558332398666904233e-05
4.305618434098137826e+00 5.417006514716415059e-05 5.474519306174277240e-05
4.485019202185561049e+00 4.948550171373645843e-05 5.001181004641623508e-05
4.664419970272982496e+00 5.029006687474418764e-05 5.082532097932927919e-05
4.843820738360405720e+00 5.330660945755981889e-05 5.387413501717093213e-05
5.023221506447828055e+00 5.064203936368676963e-05 5.118125740538079324e-05
5.202622274535250391e+00 4.981872971717525843e-05 5.034920362851640790e-05
5.382023042622672726e+00 5.106300969162304884e-05 5.160674092230485994e-05
5.561423810710094173e+00 5.066819620699864303e-05 5.120772614202268388e-05
5.740824578797517397e+00 4.913546110162603459e-05 4.965867091057092560e-05
5.920225346884940620e+00 4.805734119059939136e-05 4.856907111797891246e-05
6.099626114972362068e+00 4.841547115665622777e-05 4.893101465214578518e-05
6.279026883059785291e+00 4.937952452297705023e-05 4.990533359434839761e-05
6.458427651147206738e+00 4.930146171093786189e-05 4.982643955169103865e-05
6.637828419234629962e+00 4.952538650105279243e-05 5.005274876709642939e-05
6.817229187322052297e+00 5.100502597628763266e-05 5.154814392055601655e-05
6.996629955409473745e+00 4.932408532195578320e-05 4.984930406887443924e-05
7.176030723496896968e+00 4.890954472421001580e-05 4.943034930936020423e-05
7.355431491584319303e+00 5.091126948603109329e-05 5.145338908117436669e-05
7.534832259671741639e+00 5.061242723260971191e-05 5.115136465918832188e-05
7.714233027759164862e+00 4.871157228588236755e-05 4.923026879675541717e-05
7.893633795846587198e+00 4.982455993239920974e-05 5.035510789420693026e-05
8.073034563934008645e+00 5.211308221882491573e-05 5.266799910303280495e-05
8.252435332021430980e+00 5.004181845942672860e-05 5.057467986000555298e-05
8.431836100108855092e+00 4.827567868716656690e-05 4.878973366260663580e-05
8.611236868196275651e+00 5.241165661928740195e-05 5.296975281987719055e-05
8.790637636283697987e+00 5.407505176215781257e-05 5.465086032998031195e-05
8.970038404371122098e+00 5.011087908607518739e-05 5.064447586644982670e-05
9.149439172458544434e+00 4.762560278035635577e-05 4.813273553816225755e-05
9.328839940545964993e+00 4.799265443952417621e-05 4.850369568161802509e-05
9.508240708633389104e+00 4.828023262737859462e-05 4.879433609464078675e-05
9.687641476720809663e+00 4.732667782725075617e-05 4.783062753587732154e-05
9.867042244808233775e+00 4.656692485986417025e-05 4.706278447419043212e-05
