# ERS 1386 - Direct Observations of Exoplanetary Systems with JWST
# HIP 65426, F1550C/RDI Contrast Curve
# Star Apparent Magnitude = 6.676(vegamag) / 0.0316(Jy)
# Separation(") /// Contrast /// Uncalibrated Contrast
2.461455884126769467e-01 3.753514582637172969e-01 7.647720291120714553e-02
4.922911768253538933e-01 3.570066110359844305e-03 1.171061391385694404e-03
7.384367652380308122e-01 9.925432207462184242e-04 4.577679085119662700e-04
9.845823536507077867e-01 6.070351559384854498e-04 3.588970834921864747e-04
1.230727942063384761e+00 4.076296704932753858e-04 2.886636732748536043e-04
1.476873530476061402e+00 2.888337339583338381e-04 2.325913845319019626e-04
1.723019118888738932e+00 2.332893051356832361e-04 2.051899208071512480e-04
1.969164707301415573e+00 1.980336830462900942e-04 1.844178320080276927e-04
2.215310295714092437e+00 1.684379480354036124e-04 1.622249675208793152e-04
2.461455884126769522e+00 1.543177716825407098e-04 1.511258962329743369e-04
2.707601472539446164e+00 1.404615284586414122e-04 1.382683283029743091e-04
2.953747060952123249e+00 1.339626295044802024e-04 1.316148327583519992e-04
3.199892649364799890e+00 1.336995674799747495e-04 1.306135635084771491e-04
3.446038237777477420e+00 1.321755372591645395e-04 1.282235325503248383e-04
3.692183826190154949e+00 1.345259156574151827e-04 1.296172199151697090e-04
3.938329414602831147e+00 1.385375597806855284e-04 1.327084396421698007e-04
4.184475003015508676e+00 1.370656117240697718e-04 1.307061505680733005e-04
4.430620591428185762e+00 1.258606155561559786e-04 1.196304404863704468e-04
4.676766179840861959e+00 1.250044357388304186e-04 1.185554187936725440e-04
4.922911768253539933e+00 1.307028936313022404e-04 1.237864898034405064e-04
5.169057356666216130e+00 1.268984867744317338e-04 1.200822801697865879e-04
5.415202945078893215e+00 1.254600350031933860e-04 1.186641534684496736e-04
5.661348533491570301e+00 1.239089300619405692e-04 1.171666512030721208e-04
5.907494121904246498e+00 1.216278110285888710e-04 1.149943017599376117e-04
6.153639710316923583e+00 1.198699432408257919e-04 1.133249036829378758e-04
6.399785298729600669e+00 1.142456865141836371e-04 1.080044512702736361e-04
6.645930887142277754e+00 1.125170106350133442e-04 1.063687767204352791e-04
6.892076475554955728e+00 1.153745143311631462e-04 1.090695161577092342e-04
7.138222063967632813e+00 1.178236985743715942e-04 1.113846009823764565e-04
7.384367652380309899e+00 1.148998082442598490e-04 1.086204061145811596e-04
7.630513240792985208e+00 1.160862029935097369e-04 1.097419275664053898e-04
7.876658829205662293e+00 1.170038936088163290e-04 1.106094525884434047e-04
8.122804417618338491e+00 1.132582447899562687e-04 1.070685051512791224e-04
8.368950006031017352e+00 1.136123398510112067e-04 1.074032470795585696e-04
8.615095594443694438e+00 1.128771208908316574e-04 1.067082086026277071e-04
8.861241182856369747e+00 1.160228343341392066e-04 1.096820037407077875e-04
9.107386771269046832e+00 1.148366071052544114e-04 1.085606056662954955e-04
9.353532359681723918e+00 1.098891708491528228e-04 1.038835545855571325e-04
9.599677948094402780e+00 1.125353793049795888e-04 1.063851435794184881e-04
9.845823536507079865e+00 1.171210705699460243e-04 1.107202195936441281e-04
