# ERS 1386 - Direct Observations of Exoplanetary Systems with JWST
# HIP 65426, F1550C/ADI+RDI Contrast Curve
# Star Apparent Magnitude = 6.676(vegamag) / 0.0316(Jy)
# Separation(") /// Contrast /// Uncalibrated Contrast
2.461455884126769467e-01 7.709731858548688699e+00 4.514204411638051556e-02
4.922911768253538933e-01 1.348054900286767277e-02 8.195711618068703694e-04
7.384367652380308122e-01 2.269366278392176157e-03 3.591146507712128012e-04
9.845823536507077867e-01 1.005367215604135306e-03 2.771304316367384480e-04
1.230727942063384761e+00 5.598893962179954170e-04 2.206333996421472017e-04
1.476873530476061402e+00 3.362640595724151614e-04 1.690767869673306489e-04
1.723019118888738932e+00 2.585435335419564596e-04 1.547469358563375598e-04
1.969164707301415573e+00 2.173880984314606544e-04 1.481335697822944251e-04
2.215310295714092437e+00 1.807281491087987216e-04 1.359255848384298383e-04
2.461455884126769522e+00 1.552210631745357626e-04 1.258278008466667461e-04
2.707601472539446164e+00 1.340604916113618628e-04 1.148934116443693068e-04
2.953747060952123249e+00 1.224238155336578341e-04 1.091810310100667581e-04
3.199892649364799890e+00 1.192881608271249063e-04 1.093132903614791115e-04
3.446038237777477420e+00 1.186839138044408774e-04 1.106845458347755032e-04
3.692183826190154949e+00 1.209934581005381603e-04 1.140486494574646445e-04
3.938329414602831147e+00 1.223309797212389534e-04 1.160120952644745721e-04
4.184475003015508676e+00 1.180938508621111782e-04 1.123559401639983473e-04
4.430620591428185762e+00 1.097966233585589345e-04 1.046286910385873571e-04
4.676766179840861959e+00 1.077481297487311673e-04 1.027518771020191808e-04
4.922911768253539933e+00 1.080829693996839788e-04 1.031033705235650280e-04
5.169057356666216130e+00 1.018044442055384715e-04 9.712608905216193035e-05
5.415202945078893215e+00 1.015953428780312032e-04 9.693097791473933450e-05
5.661348533491570301e+00 1.034890445999566739e-04 9.873925421045558746e-05
5.907494121904246498e+00 1.033145068630188625e-04 9.857320449023886252e-05
6.153639710316923583e+00 1.014313233759461227e-04 9.677658100287471368e-05
6.399785298729600669e+00 9.559100815271237843e-05 9.120431630191196560e-05
6.645930887142277754e+00 9.405275029806471252e-05 8.973665812152782444e-05
6.892076475554955728e+00 9.847069738949223495e-05 9.395186721083689590e-05
7.138222063967632813e+00 9.940584820530617765e-05 9.484410432859997388e-05
7.384367652380309899e+00 9.823924608878172320e-05 9.373103778774823254e-05
7.630513240792985208e+00 1.012186186376396564e-04 9.657368666630866444e-05
7.876658829205662293e+00 1.013056112789445425e-04 9.665668721021403154e-05
8.122804417618338491e+00 9.913088138863359472e-05 9.458175588044243380e-05
8.368950006031017352e+00 9.788644021585140621e-05 9.339442223066947554e-05
8.615095594443694438e+00 9.874875073051137702e-05 9.421716123439177347e-05
8.861241182856369747e+00 1.002874297357224680e-04 9.568523011475371166e-05
9.107386771269046832e+00 9.713645982358841218e-05 9.267885850944172831e-05
9.353532359681723918e+00 9.921744193813496801e-05 9.466434415823934230e-05
9.599677948094402780e+00 1.042508052218145051e-04 9.946672592551757271e-05
9.845823536507079865e+00 1.020925061817107342e-04 9.740747143217781180e-05
