# ERS 1386 - Direct Observations of Exoplanetary Systems with JWST
# HIP 65426, F1550C/ADI Contrast Curve
# Star Apparent Magnitude = 6.676(vegamag) / 0.0316(Jy)
# Separation(") /// Contrast /// Uncalibrated Contrast
2.461455884126769467e-01 9.114513733677460650e+00 6.558637738454055344e-02
4.922911768253538933e-01 2.680714377525030348e-02 1.445352030258517054e-03
7.384367652380308122e-01 5.926717524380524862e-03 7.774288344354258508e-04
9.845823536507077867e-01 2.489402042927796235e-03 5.586836412942165460e-04
1.230727942063384761e+00 1.041416883500103242e-03 3.373404252680451635e-04
1.476873530476061402e+00 4.794772731732580657e-04 2.037263901377874399e-04
1.723019118888738932e+00 3.508431998866651507e-04 1.840555700363092782e-04
1.969164707301415573e+00 3.080998155651981044e-04 1.909470660099587430e-04
2.215310295714092437e+00 2.702747091752466112e-04 1.908130227447960275e-04
2.461455884126769522e+00 2.093159495890600102e-04 1.631191169814307082e-04
2.707601472539446164e+00 1.535030947378624496e-04 1.285436015625880516e-04
2.953747060952123249e+00 1.361351260240640246e-04 1.198463164013145764e-04
3.199892649364799890e+00 1.326911767228514886e-04 1.207502781480463918e-04
3.446038237777477420e+00 1.314909959384846533e-04 1.221810069907682764e-04
3.692183826190154949e+00 1.339400022145015128e-04 1.260161440593776346e-04
3.938329414602831147e+00 1.355846506117862425e-04 1.284629173239663848e-04
4.184475003015508676e+00 1.298381359683223075e-04 1.234789682663409388e-04
4.430620591428185762e+00 1.204920714489346841e-04 1.148053148339506403e-04
4.676766179840861959e+00 1.181690388136952046e-04 1.126910819145022764e-04
4.922911768253539933e+00 1.148886986633805557e-04 1.096053937647003895e-04
5.169057356666216130e+00 1.080854961176759457e-04 1.031316357256452886e-04
5.415202945078893215e+00 1.097877784232820209e-04 1.047624383924638755e-04
5.661348533491570301e+00 1.137402717727862335e-04 1.085364782321897217e-04
5.907494121904246498e+00 1.145383860690540656e-04 1.092989236787953117e-04
6.153639710316923583e+00 1.100574875608289701e-04 1.050232598365872106e-04
6.399785298729600669e+00 1.041923134348766397e-04 9.942644295441797051e-05
6.645930887142277754e+00 1.032379238972214240e-04 9.851572870628525608e-05
6.892076475554955728e+00 1.079774809020340553e-04 1.030384997550890761e-04
7.138222063967632813e+00 1.103013335960196774e-04 1.052560588827730300e-04
7.384367652380309899e+00 1.087048344669822432e-04 1.037325852744003712e-04
7.630513240792985208e+00 1.103366948187447713e-04 1.052898030527002802e-04
7.876658829205662293e+00 1.115870073092147441e-04 1.064829252293552362e-04
8.122804417618338491e+00 1.106084541617092799e-04 1.055491319155666882e-04
8.368950006031017352e+00 1.087511195691071546e-04 1.037767533450670098e-04
8.615095594443694438e+00 1.098118003102704703e-04 1.047889176712700010e-04
8.861241182856369747e+00 1.096060564696262643e-04 1.045925847242068697e-04
9.107386771269046832e+00 1.069258013866778535e-04 1.020349267272397802e-04
9.353532359681723918e+00 1.155724150232348381e-04 1.102860370991354575e-04
9.599677948094402780e+00 1.224297532306479282e-04 1.168297149810248407e-04
9.845823536507079865e+00 1.148603422654643916e-04 1.096065351386982408e-04
