# ERS 1386 - Direct Observations of Exoplanetary Systems with JWST
# HIP 65426, F250M/ADI+RDI Contrast Curve
# Star Apparent Magnitude = 6.783(vegamag) / 0.977(Jy)
# Separation(") /// Contrast /// Uncalibrated Contrast
5.741804157415372756e-02 1.434020921284471569e+03 7.805393905184554795e-04
1.148360831483074551e-01 2.146771582982478606e+02 1.902093607301013492e-05
1.722541247224612104e-01 1.709878031182008326e-03 8.305568797701388955e-06
2.296721662966149102e-01 3.428846092431595081e-04 4.989959132999541293e-06
2.870902078707686100e-01 9.517640656904662944e-05 2.880912985091198987e-06
3.445082494449223653e-01 4.121371700298021560e-05 2.618907487029865303e-06
4.019262910190761207e-01 3.048222204229952890e-05 3.378056681611693511e-06
4.593443325932298205e-01 2.267861528723404376e-05 3.641754014133537985e-06
5.167623741673835758e-01 1.586151719869224912e-05 3.466071219838409770e-06
5.741804157415372201e-01 9.896215773115302092e-06 2.842079165738816850e-06
6.315984573156909754e-01 6.288966571080314203e-06 2.216490574872578384e-06
6.890164988898447307e-01 5.114734509757060319e-06 2.153411707589577927e-06
7.464345404639984860e-01 4.677343134526221832e-06 2.375567875791395804e-06
8.038525820381522413e-01 3.749017553951835123e-06 2.191817914365149867e-06
8.612706236123058856e-01 2.831634940970371352e-06 1.846891054557647954e-06
9.186886651864596409e-01 2.289816878190734141e-06 1.628573477179002193e-06
9.761067067606133962e-01 1.688271023387262214e-06 1.272643377674876903e-06
1.033524748334767152e+00 1.287674709935815153e-06 1.018292656503045133e-06
1.090942789908921018e+00 1.046433610976735079e-06 8.676668372362807415e-07
1.148360831483074662e+00 7.715918736406871524e-07 6.601712248589725727e-07
1.205778873057228306e+00 5.620172207226336387e-07 4.909205007621331063e-07
1.263196914631382173e+00 4.491081701459531555e-07 3.940802345012189823e-07
1.320614956205535595e+00 4.233075515193627054e-07 3.710981731973408602e-07
1.378032997779689683e+00 4.190098927040002869e-07 3.669913346738015286e-07
1.435451039353843550e+00 3.923559030939402040e-07 3.481690242983363133e-07
1.492869080927996972e+00 3.809262646549836424e-07 3.431746238239440034e-07
1.550287122502150838e+00 4.526143006209219045e-07 4.101785642157502665e-07
1.607705164076304483e+00 5.244899753517044600e-07 4.759800725263561211e-07
1.665123205650458127e+00 5.048932767863886593e-07 4.592547088606296441e-07
1.722541247224611771e+00 4.187934193976335501e-07 3.822040982604669299e-07
1.779959288798765860e+00 3.479422252892364484e-07 3.189051346332954779e-07
1.837377330372919282e+00 3.503399701068464262e-07 3.232847549438271678e-07
1.894795371947073148e+00 3.952132527387373970e-07 3.670718719077011807e-07
1.952213413521227015e+00 4.113239453023333990e-07 3.835721595218876338e-07
2.009631455095380659e+00 4.287157575213631828e-07 4.013923006164665043e-07
2.067049496669534303e+00 4.312685448083370236e-07 4.058392326503292981e-07
2.124467538243687947e+00 4.070685815287974205e-07 3.850600870343025906e-07
2.181885579817842036e+00 4.071828973341389310e-07 3.863439721698875580e-07
2.239303621391995236e+00 3.929183806468992321e-07 3.735967814053425677e-07
2.296721662966148880e+00 3.729963268949879078e-07 3.554387663195104979e-07
2.354139704540302969e+00 3.712489560998791775e-07 3.545911522019928973e-07
2.411557746114456613e+00 3.777109757018402787e-07 3.611010153881538011e-07
2.468975787688610701e+00 3.808735801336299409e-07 3.633344061361510237e-07
2.526393829262764346e+00 3.684630223176903038e-07 3.508885067696443852e-07
2.583811870836917546e+00 3.557266503371039133e-07 3.393875363675962906e-07
2.641229912411071190e+00 3.449936615274389061e-07 3.297565030793679696e-07
2.698647953985225278e+00 3.316364423162932540e-07 3.175746191797755739e-07
2.756065995559379367e+00 3.342678164074564710e-07 3.206844581983023858e-07
2.813484037133533011e+00 3.420092589656746138e-07 3.287150219167701615e-07
2.870902078707686655e+00 3.326797490034858329e-07 3.200314667557892993e-07
2.928320120281839856e+00 3.183935624018151568e-07 3.063852528560787971e-07
2.985738161855993944e+00 3.144884579464221722e-07 3.027230636441040699e-07
3.043156203430147588e+00 3.049843279952564022e-07 2.936672376400958015e-07
3.100574245004301233e+00 2.868515982884924645e-07 2.762945902606794404e-07
3.157992286578455321e+00 2.881633541486595212e-07 2.776335000275890501e-07
3.215410328152608965e+00 3.051927413973098421e-07 2.940406118865414731e-07
3.272828369726762610e+00 3.244745340849370518e-07 3.126178234354834018e-07
3.330246411300916254e+00 3.384453674298317316e-07 3.260781448261216191e-07
3.387664452875069898e+00 3.404056925629804537e-07 3.279668371947819021e-07
3.445082494449223542e+00 3.263977636132374504e-07 3.144707757197040844e-07
3.502500536023377631e+00 3.111365614542764596e-07 2.997672372266203030e-07
3.559918577597531719e+00 3.204659848885066985e-07 3.087557517063224167e-07
3.617336619171684475e+00 3.222901334946121994e-07 3.105132436108004914e-07
3.674754660745838564e+00 3.081631253679450059e-07 2.969024542628203737e-07
3.732172702319992208e+00 3.045310520183852131e-07 2.934031014760152508e-07
3.789590743894146296e+00 3.074365327609173558e-07 2.962024122703913199e-07
3.847008785468300385e+00 3.022631914742006913e-07 2.912181114299471608e-07
3.904426827042453585e+00 2.997475357661342854e-07 2.887943809692913407e-07
3.961844868616607229e+00 3.053337895953534407e-07 2.941765060046923333e-07
4.019262910190761318e+00 3.027199529824953115e-07 2.916581822939206728e-07
4.076680951764914518e+00 3.038412190422522015e-07 2.927384758709861785e-07
4.134098993339068606e+00 3.114614140652562174e-07 3.000802193115418130e-07
4.191517034913220918e+00 3.091449354009628803e-07 2.978483877130824776e-07
4.248935076487375895e+00 3.031330047442832251e-07 2.920561406209138588e-07
4.306353118061529095e+00 2.993417588144655399e-07 2.884034316216369177e-07
4.363771159635683183e+00 3.050844582378975688e-07 2.939362855309905226e-07
4.421189201209837272e+00 3.127553007115179990e-07 3.013268257001365588e-07
4.478607242783989584e+00 3.049214966990978295e-07 2.937792788133233147e-07
4.536025284358143672e+00 3.007027882425329436e-07 2.897147273097068632e-07
4.593443325932297761e+00 3.030938835327452366e-07 2.920184489480198402e-07
4.650861367506451849e+00 2.896093809840324646e-07 2.790266872099928916e-07
4.708279409080605937e+00 2.715036967171070163e-07 2.615826075896962093e-07
4.765697450654759137e+00 2.685509054559260783e-07 2.587377150629746454e-07
4.823115492228912338e+00 2.802951996585000794e-07 2.700528578730220360e-07
4.880533533803066426e+00 2.894494792022442077e-07 2.788726284419386584e-07
4.937951575377220514e+00 2.940179785541227129e-07 2.832741890382990943e-07
4.995369616951373715e+00 3.017751660868570156e-07 2.907479191086825869e-07
5.052787658525527803e+00 3.031850751322035049e-07 2.921063082908759721e-07
5.110205700099681003e+00 2.945019856622719773e-07 2.837405099133829621e-07
5.167623741673835092e+00 2.846512077586238657e-07 2.742496919172356747e-07
5.225041783247989180e+00 2.762887703442049996e-07 2.661928285628167773e-07
5.282459824822142380e+00 2.741969412453001339e-07 2.641774375499508523e-07
5.339877866396296469e+00 2.871970091568385068e-07 2.767024665063211255e-07
5.397295907970449669e+00 3.095255197507899840e-07 2.982150650284906130e-07
5.454713949544604645e+00 3.281560075886778028e-07 3.161647712322358297e-07
5.512131991118757846e+00 3.392800416599078525e-07 3.268823190021319497e-07
5.569550032692911046e+00 3.403409981795174193e-07 3.279045068260713221e-07
5.626968074267065134e+00 3.340095161950223504e-07 3.218043852165409632e-07
5.684386115841218334e+00 3.223716033946486236e-07 3.105917364974509899e-07
5.741804157415373311e+00 3.030856887157028427e-07 2.920105535799766672e-07
5.799222198989526511e+00 2.835767440168769692e-07 2.732144904421721935e-07
5.856640240563678823e+00 2.829374579235238914e-07 2.725985646727733070e-07
5.914058282137833800e+00 2.954651155098390829e-07 2.846684457758422546e-07
5.971476323711987000e+00 3.018233462123939350e-07 2.907943386713785220e-07
6.028894365286141976e+00 3.062416470407860792e-07 2.950511891886323416e-07
6.086312406860294288e+00 3.117236924747507838e-07 3.003329137355943501e-07
6.143730448434447489e+00 3.156238924595484609e-07 3.040905954706157469e-07
6.201148490008602465e+00 3.098825738471937072e-07 2.985590719157529549e-07
6.258566531582755665e+00 3.028635732073833026e-07 2.917965544537957829e-07
6.315984573156910642e+00 2.998247298715984870e-07 2.888687543043215193e-07
6.373402614731062954e+00 2.887255399147820663e-07 2.781751428134159302e-07
6.430820656305217042e+00 2.769125056457927326e-07 2.667937717860873813e-07
6.488238697879371131e+00 2.768148486627206545e-07 2.666996833129276808e-07
6.545656739453524331e+00 3.012800665074494810e-07 2.902709110952965407e-07
6.603074781027679307e+00 3.332486670290392324e-07 3.210713384432305687e-07
6.660492822601831620e+00 3.676803109644141713e-07 3.542448064774425526e-07
6.717910864175985708e+00 4.102477926242269608e-07 3.952568184159113405e-07
6.775328905750139796e+00 4.260793043043687206e-07 4.105098265975759130e-07
6.832746947324292996e+00 4.154308403213515266e-07 4.002504709822271463e-07
6.890164988898446197e+00 3.880356011753521815e-07 3.738562885898578843e-07
6.947583030472600285e+00 3.568113741522372694e-07 3.437730343894946623e-07
7.005001072046754373e+00 3.513859458278284667e-07 3.385458580911601547e-07
7.062419113620908462e+00 3.546748598921417225e-07 3.417145910678529357e-07
7.119837155195062550e+00 3.589161903258442941e-07 3.458009379128958970e-07
7.177255196769214862e+00 3.654565656799636113e-07 3.521023196636148755e-07
7.234673238343368951e+00 3.562997983130475907e-07 3.432801521797376480e-07
7.292091279917523039e+00 3.382228925750952720e-07 3.258637994844972848e-07
7.349509321491677127e+00 3.341101934696517417e-07 3.219013836159771605e-07
7.406927363065831216e+00 3.427125165814284001e-07 3.301893669403893688e-07
7.464345404639983528e+00 3.531437003971950564e-07 3.402393820811362962e-07
7.521763446214137616e+00 3.715143951473810106e-07 3.579387883658139275e-07
7.579181487788291705e+00 4.084841289812599899e-07 3.935576012773721795e-07
7.636599529362445793e+00 4.423689446545130960e-07 4.262042228471007701e-07
7.694017570936599881e+00 4.904691953366686656e-07 4.725468294167133875e-07
7.751435612510752193e+00 4.635875739263749681e-07 4.466474965171308876e-07
7.808853654084907170e+00 3.824774658985604863e-07 3.685012546193467790e-07
7.866271695659060370e+00 3.559497896319132436e-07 3.429429332593427719e-07
7.923689737233214458e+00 3.550367938589145910e-07 3.420632995088373446e-07
7.981107778807367659e+00 3.996714030843635670e-07 3.850669035522307882e-07
8.038525820381520859e+00 4.755224376920236001e-07 4.581462452369285029e-07
8.095943861955676724e+00 6.182478959295376170e-07 5.956563343688044624e-07
8.153361903529829036e+00 7.937760115291812269e-07 7.647704301952844616e-07
8.210779945103984900e+00 8.562788713834591963e-07 8.249893563468900326e-07
8.268197986678137212e+00 8.208975194462466544e-07 7.909008838446971960e-07
8.325616028252291301e+00 7.191343793123940204e-07 6.928562978055429830e-07
8.383034069826443613e+00 5.796686421086454213e-07 5.584868153701414938e-07
8.440452111400599478e+00 4.906881427891129321e-07 4.727577762517952461e-07
8.497870152974751790e+00 4.635844524363933620e-07 4.466444890903487820e-07
8.555288194548905878e+00 5.572256102869221184e-07 5.368638803709842814e-07
8.612706236123059966e+00 6.644059214300226711e-07 6.401276871260717246e-07
8.670124277697212278e+00 7.458194374851695798e-07 7.185662501373910310e-07
8.727542319271368143e+00 8.249705812330325791e-07 7.948251107924118429e-07
8.784960360845522231e+00 8.316187867869271402e-07 8.012303824907638400e-07
8.842378402419674543e+00 7.507213882652940484e-07 7.232890774242598514e-07
8.899796443993828632e+00 6.876911433632706757e-07 6.625620375428556363e-07
8.957214485567980944e+00 6.397690914253326203e-07 6.163911181095334384e-07
9.014632527142135032e+00 5.418864891447591611e-07 5.220852701530836089e-07
9.072050568716289121e+00 4.577993549498046946e-07 4.410707863967931241e-07
9.129468610290443209e+00 4.237711659678405776e-07 4.082860305607364036e-07
9.186886651864597297e+00 4.143081722535125623e-07 3.991688266282314957e-07
9.244304693438749609e+00 4.071013463563712700e-07 3.922253472818584401e-07
9.301722735012905474e+00 4.062842189816928261e-07 3.914380787769142159e-07
9.359140776587059563e+00 4.201276955390114745e-07 4.047756971583808777e-07
9.416558818161211875e+00 4.321290826432292473e-07 4.163385383696579614e-07
9.473976859735364187e+00 4.173524390299192897e-07 4.021018520389347980e-07
9.531394901309518275e+00 3.848132139141205751e-07 3.707516514425594301e-07
9.588812942883672363e+00 3.613889262054540921e-07 3.481833168900149425e-07
9.646230984457826452e+00 3.658752554806962111e-07 3.525057100084651682e-07
9.703649026031980540e+00 3.745173150634585394e-07 3.608319777828591973e-07
9.761067067606134628e+00 3.755687863055959985e-07 3.618450269333850283e-07
9.818485109180288717e+00 3.853329536937072668e-07 3.712523992719859979e-07
9.875903150754442805e+00 3.906826304033212093e-07 3.764065920155226125e-07
9.933321192328596894e+00 3.800062938295868468e-07 3.661203823092416257e-07
9.990739233902747429e+00 3.792450920280360975e-07 3.653869957861141489e-07
