# ERS 1386 - Direct Observations of Exoplanetary Systems with JWST
# HIP 65426, F250M/ADI Contrast Curve
# Star Apparent Magnitude = 6.783(vegamag) / 0.977(Jy)
# Separation(") /// Contrast /// Uncalibrated Contrast
5.741804157415372756e-02 2.236723195079525439e+00 6.149656993076219871e-04
1.148360831483074551e-01 3.461787796190359673e-02 1.900109255435294503e-05
1.722541247224612104e-01 5.599953191745823261e-02 8.962968980750006290e-06
2.296721662966149102e-01 5.649285427538601077e-04 6.464312267883511921e-06
2.870902078707686100e-01 2.548587532152499962e-04 4.978054798643598892e-06
3.445082494449223653e-01 2.752538415723033158e-04 3.968882296931873003e-06
4.019262910190761207e-01 1.788028058591717244e-04 3.972268854067845597e-06
4.593443325932298205e-01 7.035810117756139835e-05 4.117299459627960791e-06
5.167623741673835758e-01 4.153092652431251026e-05 4.041763375738211041e-06
5.741804157415372201e-01 2.714853878873931648e-05 3.598975498261765399e-06
6.315984573156909754e-01 3.974348699179200103e-05 3.007500855554131742e-06
6.890164988898447307e-01 1.213106529072554880e-05 3.213651743130793961e-06
7.464345404639984860e-01 1.059625826804059184e-05 3.754555285356839225e-06
8.038525820381522413e-01 9.208005177115089978e-06 4.038763549961943129e-06
8.612706236123058856e-01 7.820828194860149398e-06 4.013626642851185814e-06
9.186886651864596409e-01 6.438796719526226565e-06 3.799865170744546937e-06
9.761067067606133962e-01 5.250863724427893204e-06 3.438794044228647229e-06
1.033524748334767152e+00 4.252964273324813501e-06 3.022929705167702325e-06
1.090942789908921018e+00 3.179043449569291619e-06 2.437073266055171213e-06
1.148360831483074662e+00 2.156778260987995067e-06 1.744259851987717409e-06
1.205778873057228306e+00 1.426144036115489197e-06 1.193977076717662412e-06
1.263196914631382173e+00 9.869337465863804153e-07 8.355672630496376475e-07
1.320614956205535595e+00 8.036943275085127277e-07 6.847267203763666271e-07
1.378032997779689683e+00 6.643398612123366582e-07 5.695509089470694702e-07
1.435451039353843550e+00 5.747082049991042521e-07 4.976827785579898485e-07
1.492869080927996972e+00 5.426851595265825556e-07 4.749387281807677709e-07
1.550287122502150838e+00 5.050331328303604229e-07 4.475685352385055353e-07
1.607705164076304483e+00 4.622880733950532981e-07 4.152264162364997140e-07
1.665123205650458127e+00 4.309097169854263393e-07 3.919964995501752908e-07
1.722541247224611771e+00 4.428751655834230491e-07 4.077329108127725093e-07
1.779959288798765860e+00 4.841921288921777784e-07 4.510078563910146727e-07
1.837377330372919282e+00 4.691214996029535141e-07 4.418734208506957200e-07
1.894795371947073148e+00 4.049918595621649632e-07 3.853838844481643726e-07
1.952213413521227015e+00 3.898933895161601903e-07 3.714284818041102212e-07
2.009631455095380659e+00 3.804391865641225624e-07 3.628240913621856563e-07
2.067049496669534303e+00 3.545360035550163833e-07 3.392225265901423009e-07
2.124467538243687947e+00 3.277387008325404694e-07 3.146855201486938501e-07
2.181885579817842036e+00 3.116371956564340096e-07 2.994757400702881547e-07
2.239303621391995236e+00 3.092670669886171650e-07 2.970984276581710615e-07
2.296721662966148880e+00 2.903518450667140869e-07 2.798881565179675109e-07
2.354139704540302969e+00 2.574649880665094695e-07 2.499724027600442905e-07
2.411557746114456613e+00 2.390002156427455362e-07 2.331373234146894495e-07
2.468975787688610701e+00 2.436139616503635082e-07 2.374427096244814665e-07
2.526393829262764346e+00 2.514639263166914351e-07 2.448705809404563746e-07
2.583811870836917546e+00 2.514645993684650595e-07 2.444742876873619475e-07
2.641229912411071190e+00 2.355108137942436904e-07 2.285922268502504406e-07
2.698647953985225278e+00 2.128315881949613061e-07 2.062432828523166261e-07
2.756065995559379367e+00 1.987584685909971904e-07 1.922920539519273825e-07
2.813484037133533011e+00 1.897450985687937356e-07 1.832724036778913014e-07
2.870902078707686655e+00 1.839562505250647820e-07 1.776982765648944015e-07
2.928320120281839856e+00 1.885674628603304170e-07 1.823592855792351431e-07
2.985738161855993944e+00 2.065380929070487611e-07 1.999646313391926388e-07
3.043156203430147588e+00 2.162603968631869370e-07 2.096145201133792978e-07
3.100574245004301233e+00 2.073477842173163038e-07 2.012030474535221032e-07
3.157992286578455321e+00 1.988872644114301382e-07 1.931808884811595061e-07
3.215410328152608965e+00 1.990448203294761780e-07 1.933339238820116902e-07
3.272828369726762610e+00 1.974909988186700994e-07 1.918246838565784266e-07
3.330246411300916254e+00 1.894214362606971065e-07 1.839866492332115058e-07
3.387664452875069898e+00 1.790050813751838570e-07 1.738691552977734398e-07
3.445082494449223542e+00 1.773539179522374348e-07 1.722653662466427513e-07
3.502500536023377631e+00 1.880038513784084580e-07 1.826097370017099652e-07
3.559918577597531719e+00 2.009745647309358765e-07 1.952083010027324655e-07
3.617336619171684475e+00 2.022731630316515399e-07 1.964696405573528172e-07
3.674754660745838564e+00 1.963843197653160120e-07 1.907497570963200631e-07
3.732172702319992208e+00 1.921304102339250813e-07 1.866178986526712959e-07
3.789590743894146296e+00 1.802913545579758832e-07 1.751185233607139683e-07
3.847008785468300385e+00 1.764740264786231245e-07 1.714107201880184069e-07
3.904426827042453585e+00 1.820399337385020890e-07 1.768169331642443566e-07
3.961844868616607229e+00 1.808086665865954299e-07 1.756209929261054636e-07
4.019262910190761318e+00 1.760527197126505164e-07 1.710015013493231915e-07
4.076680951764914518e+00 1.805955991144542012e-07 1.754140386814660017e-07
4.134098993339068606e+00 1.942450760261264279e-07 1.886718914902071217e-07
4.191517034913220918e+00 1.976996529647622800e-07 1.920273514001572163e-07
4.248935076487375895e+00 1.892330417578298969e-07 1.838036600531020904e-07
4.306353118061529095e+00 1.765290123694400862e-07 1.714641284506006371e-07
4.363771159635683183e+00 1.776326235355907335e-07 1.725360753459718626e-07
4.421189201209837272e+00 1.985844871252231470e-07 1.928867983324791795e-07
4.478607242783989584e+00 2.112331466794518427e-07 2.051725487449685295e-07
4.536025284358143672e+00 2.288580324364916756e-07 2.222917499165454528e-07
4.593443325932297761e+00 2.390827060680229559e-07 2.322230622226117341e-07
4.650861367506451849e+00 2.188458818061827897e-07 2.125668630058926026e-07
4.708279409080605937e+00 1.934630693155319511e-07 1.879123217329482453e-07
4.765697450654759137e+00 1.852585468970172340e-07 1.799431994512242110e-07
4.823115492228912338e+00 1.853009344115653928e-07 1.799843708039760103e-07
4.880533533803066426e+00 1.825108629818821687e-07 1.772743507365416307e-07
4.937951575377220514e+00 1.864056406138275974e-07 1.810573813172193017e-07
4.995369616951373715e+00 1.930638013530922025e-07 1.875245093712345551e-07
5.052787658525527803e+00 1.886738155948279639e-07 1.832604789331328419e-07
5.110205700099681003e+00 1.755399735372634199e-07 1.705034666359405821e-07
5.167623741673835092e+00 1.655467065696816823e-07 1.607969215872174344e-07
5.225041783247989180e+00 1.605796705575358728e-07 1.559723973383480249e-07
5.282459824822142380e+00 1.638748710087062929e-07 1.591730535129121975e-07
5.339877866396296469e+00 1.697054606112755383e-07 1.648363546957535724e-07
5.397295907970449669e+00 1.730748125232112582e-07 1.681090348137070226e-07
5.454713949544604645e+00 1.751556150078349124e-07 1.701301359330922247e-07
5.512131991118757846e+00 1.738521127904527576e-07 1.688640331625793019e-07
5.569550032692911046e+00 1.719798773945521680e-07 1.670455150272111319e-07
5.626968074267065134e+00 1.652596171781768472e-07 1.605180692238519555e-07
5.684386115841218334e+00 1.631397885763459821e-07 1.584590617054905779e-07
5.741804157415373311e+00 1.710821140571100975e-07 1.661735098755182503e-07
5.799222198989526511e+00 1.753385801225668762e-07 1.703078515024102151e-07
5.856640240563678823e+00 1.697949436023206267e-07 1.649232702846687159e-07
5.914058282137833800e+00 1.668491475606071063e-07 1.620619935794630875e-07
5.971476323711987000e+00 1.771051635319529490e-07 1.720237489662885868e-07
6.028894365286141976e+00 1.915135652667860371e-07 1.860187518990584153e-07
6.086312406860294288e+00 2.053874165128418005e-07 1.994945414037305019e-07
6.143730448434447489e+00 2.180765787603784119e-07 2.118196324260988276e-07
6.201148490008602465e+00 2.291470097289931489e-07 2.225724360141773028e-07
6.258566531582755665e+00 2.502570799370407437e-07 2.430768264323298027e-07
6.315984573156910642e+00 2.655853223626672767e-07 2.579652784375400537e-07
6.373402614731062954e+00 2.578661917994212442e-07 2.504676213858286871e-07
6.430820656305217042e+00 2.423340657755905908e-07 2.353811355107054083e-07
6.488238697879371131e+00 2.493035012398185159e-07 2.421506073478085226e-07
6.545656739453524331e+00 3.816274256515009366e-07 3.706779585626282271e-07
6.603074781027679307e+00 5.304824050981017266e-07 5.152620638819754803e-07
6.660492822601831620e+00 6.514257537252802759e-07 6.327353652159055829e-07
6.717910864175985708e+00 7.243651573810371645e-07 7.035820272442826595e-07
6.775328905750139796e+00 6.499503094075236205e-07 6.313022536235058380e-07
6.832746947324292996e+00 4.635918304814120277e-07 4.502906808539691106e-07
6.890164988898446197e+00 3.305346869456865973e-07 3.210511476789158707e-07
6.947583030472600285e+00 2.588443702526576764e-07 2.514177344222191332e-07
7.005001072046754373e+00 2.494112271116066083e-07 2.422552424016719162e-07
7.062419113620908462e+00 2.658838347776226012e-07 2.582552260805647228e-07
7.119837155195062550e+00 2.957672998826059522e-07 2.872812894484745967e-07
7.177255196769214862e+00 3.235200510022199154e-07 3.142377722325748702e-07
7.234673238343368951e+00 3.008811791039846434e-07 2.922484437531747647e-07
7.292091279917523039e+00 2.477194703201448710e-07 2.406120246670635048e-07
7.349509321491677127e+00 2.371995893138116493e-07 2.303939749315333543e-07
7.406927363065831216e+00 2.641496698147668252e-07 2.565708169290347587e-07
7.464345404639983528e+00 3.078456190349547570e-07 2.990130633864123235e-07
7.521763446214137616e+00 3.878058860654187718e-07 3.766791496179652667e-07
7.579181487788291705e+00 5.282330163540619899e-07 5.130772134975174417e-07
7.636599529362445793e+00 6.942062330794475752e-07 6.742884080200530089e-07
7.694017570936599881e+00 8.632167220835096570e-07 8.384497308933921924e-07
7.751435612510752193e+00 9.429588695451701989e-07 9.159039557359251367e-07
7.808853654084907170e+00 9.512460886500763945e-07 9.239534020112383447e-07
7.866271695659060370e+00 9.553434046210234771e-07 9.279331598001443228e-07
7.923689737233214458e+00 9.831845651541066161e-07 9.549755153981456947e-07
7.981107778807367659e+00 1.259755015884478336e-06 1.223610742283278550e-06
8.038525820381520859e+00 1.726296925747001594e-06 1.676766860286375954e-06
8.095943861955676724e+00 2.368233678228773037e-06 2.300285478032580137e-06
8.153361903529829036e+00 3.081696953828605248e-06 2.993278414945502689e-06
8.210779945103984900e+00 3.360677314664719209e-06 3.264254407976546107e-06
8.268197986678137212e+00 3.154250205369810052e-06 3.063750004146573238e-06
8.325616028252291301e+00 2.583227399772177329e-06 2.509110705070289774e-06
8.383034069826443613e+00 1.976203261460472625e-06 1.919503005876524303e-06
8.440452111400599478e+00 1.642214300939324936e-06 1.595096692946885691e-06
8.497870152974751790e+00 1.589814448596035388e-06 1.544200271489662971e-06
8.555288194548905878e+00 2.190787369775038194e-06 2.127930372107435167e-06
8.612706236123059966e+00 2.789744243407309588e-06 2.709702268626768216e-06
8.670124277697212278e+00 3.166299236105817131e-06 3.075453329997059032e-06
8.727542319271368143e+00 3.408170924062927158e-06 3.310385354007073698e-06
8.784960360845522231e+00 3.348121664802796222e-06 3.252058998667848087e-06
8.842378402419674543e+00 2.963012413276832680e-06 2.877999113072557135e-06
8.899796443993828632e+00 2.683540179497201108e-06 2.606545359675460339e-06
8.957214485567980944e+00 2.481031508647805286e-06 2.409846968375264721e-06
9.014632527142135032e+00 2.060419667850009930e-06 2.001303116402285257e-06
9.072050568716289121e+00 1.656514712842278070e-06 1.608986804439113908e-06
9.129468610290443209e+00 1.356450202394323951e-06 1.317531597885080862e-06
9.186886651864597297e+00 1.176546553096011688e-06 1.142789655934706519e-06
9.244304693438749609e+00 1.071168697805667737e-06 1.040435250430309670e-06
9.301722735012905474e+00 9.775423888858689685e-07 9.494952216865749440e-07
9.359140776587059563e+00 9.093010797227013412e-07 8.832118587258011405e-07
9.416558818161211875e+00 8.460039691909701720e-07 8.217308378721237099e-07
9.473976859735364187e+00 7.553077056917930811e-07 7.336367871216049088e-07
9.531394901309518275e+00 6.073329586415952796e-07 5.899076590020810519e-07
9.588812942883672363e+00 4.794420452917157818e-07 4.656861290679762170e-07
9.646230984457826452e+00 4.026201454967023285e-07 3.910683655770404199e-07
9.703649026031980540e+00 3.520169237981961577e-07 3.419170267185393118e-07
9.761067067606134628e+00 3.241071980974296028e-07 3.148080731910470065e-07
9.818485109180288717e+00 3.211684549797357596e-07 3.119536470508212145e-07
9.875903150754442805e+00 3.114130487247838578e-07 3.024781381317193554e-07
9.933321192328596894e+00 2.889914872026648516e-07 2.806998850656120442e-07
9.990739233902747429e+00 2.822167685569833731e-07 2.741195433275142412e-07
