# ERS 1386 - Direct Observations of Exoplanetary Systems with JWST
# HIP 65426, F250M/RDI Contrast Curve
# Star Apparent Magnitude = 6.783(vegamag) / 0.977(Jy)
# Separation(") /// Contrast /// Uncalibrated Contrast
5.741804157415372756e-02 9.903075518948171174e-01 1.170440239705851111e-03
1.148360831483074551e-01 1.158230563566225654e-02 2.736657220527898357e-05
1.722541247224612104e-01 1.144011165042328878e-03 1.181685767698937142e-05
2.296721662966149102e-01 4.017117072726448189e-04 6.979385208945803935e-06
2.870902078707686100e-01 9.183109871385529551e-05 3.729299471822255019e-06
3.445082494449223653e-01 3.898424460347028235e-05 3.275385164445080645e-06
4.019262910190761207e-01 3.077746630215125683e-05 4.368560420617671651e-06
4.593443325932298205e-01 2.313325006706617562e-05 4.795253809746511426e-06
5.167623741673835758e-01 1.716737086301287662e-05 4.713621588237799445e-06
5.741804157415372201e-01 1.101817958733130379e-05 3.879184404908555305e-06
6.315984573156909754e-01 7.089523407905377790e-06 2.957172109212666021e-06
6.890164988898447307e-01 5.431934445583611570e-06 2.711036894182910589e-06
7.464345404639984860e-01 4.887809446905076502e-06 2.870152168789120654e-06
8.038525820381522413e-01 3.812176448045242372e-06 2.534196679771725516e-06
8.612706236123058856e-01 2.786856314251579457e-06 2.006068403438761366e-06
9.186886651864596409e-01 2.235848068161837218e-06 1.724215896391341509e-06
9.761067067606133962e-01 1.701750224651579691e-06 1.364520289738850993e-06
1.033524748334767152e+00 1.305528561467382390e-06 1.082499174626809867e-06
1.090942789908921018e+00 1.020170211214589689e-06 8.840997031377517144e-07
1.148360831483074662e+00 7.871958550055559607e-07 6.949114585632502963e-07
1.205778873057228306e+00 6.245659700740119715e-07 5.549866326604855678e-07
1.263196914631382173e+00 5.257698502627176588e-07 4.675755648983974065e-07
1.320614956205535595e+00 4.975143328935373893e-07 4.438052902698744535e-07
1.378032997779689683e+00 5.015647451990596311e-07 4.487873059934262356e-07
1.435451039353843550e+00 4.680104424658168046e-07 4.228639568664452680e-07
1.492869080927996972e+00 4.459819754776080951e-07 4.073010402984033165e-07
1.550287122502150838e+00 5.482813116669960689e-07 5.019414602761054858e-07
1.607705164076304483e+00 6.417282366684855719e-07 5.865000063403561945e-07
1.665123205650458127e+00 6.107912494343254178e-07 5.577688505939619044e-07
1.722541247224611771e+00 4.899921365051919712e-07 4.475253526862368830e-07
1.779959288798765860e+00 3.722316454132773046e-07 3.402163464964753836e-07
1.837377330372919282e+00 3.459477674144556534e-07 3.168868438289123286e-07
1.894795371947073148e+00 4.050773090674974656e-07 3.720766598461631347e-07
1.952213413521227015e+00 4.595413728187374922e-07 4.259467975761394764e-07
2.009631455095380659e+00 4.992300334641855081e-07 4.669090773469682304e-07
2.067049496669534303e+00 5.066796277826639010e-07 4.765652445185534027e-07
2.124467538243687947e+00 4.704869253135553865e-07 4.448410725094757884e-07
2.181885579817842036e+00 4.581153226752027846e-07 4.334571118701473321e-07
2.239303621391995236e+00 4.390010389720479232e-07 4.148533297280051162e-07
2.296721662966148880e+00 4.225970187675445909e-07 4.000031907705383145e-07
2.354139704540302969e+00 4.308539398439090021e-07 4.096549242104414051e-07
2.411557746114456613e+00 4.419635616169254045e-07 4.213201162920724325e-07
2.468975787688610701e+00 4.415678197446986939e-07 4.202716367038674345e-07
2.526393829262764346e+00 4.265771522710984974e-07 4.054895747333791812e-07
2.583811870836917546e+00 4.077761076752011196e-07 3.881489398080089292e-07
2.641229912411071190e+00 3.893716994443865920e-07 3.711374026318576463e-07
2.698647953985225278e+00 3.729664459943722164e-07 3.559860718010172355e-07
2.756065995559379367e+00 3.798901570451928964e-07 3.630892404821939400e-07
2.813484037133533011e+00 3.939247736867778332e-07 3.770161210138379059e-07
2.870902078707686655e+00 3.879679890227477680e-07 3.718930360430013532e-07
2.928320120281839856e+00 3.753743162146511637e-07 3.604226377178884056e-07
2.985738161855993944e+00 3.698913217774103989e-07 3.557507248957327609e-07
3.043156203430147588e+00 3.563828291568674420e-07 3.433296905805488431e-07
3.100574245004301233e+00 3.311727257241671707e-07 3.195735974228425736e-07
3.157992286578455321e+00 3.313531211206816062e-07 3.202047067697587600e-07
3.215410328152608965e+00 3.610139204332098726e-07 3.488675650349920241e-07
3.272828369726762610e+00 3.962059441841465804e-07 3.828755490482132198e-07
3.330246411300916254e+00 4.175396345222967291e-07 4.034914648903224574e-07
3.387664452875069898e+00 4.214492796798855903e-07 4.072695695812500408e-07
3.445082494449223542e+00 4.047599824049464610e-07 3.911417856568339857e-07
3.502500536023377631e+00 3.837067600628511539e-07 3.707969014323878134e-07
3.559918577597531719e+00 3.882175881129623820e-07 3.751559621474025220e-07
3.617336619171684475e+00 3.824971702153040706e-07 3.696280083761354974e-07
3.674754660745838564e+00 3.599753794815630500e-07 3.478639659146163589e-07
3.732172702319992208e+00 3.509108054852514298e-07 3.391043705661101118e-07
3.789590743894146296e+00 3.558397851744670849e-07 3.438675141596318323e-07
3.847008785468300385e+00 3.542955728832207036e-07 3.423752570707700522e-07
3.904426827042453585e+00 3.565033347200373174e-07 3.445087385034614885e-07
3.961844868616607229e+00 3.700225242105039642e-07 3.575730732890181453e-07
4.019262910190761318e+00 3.723423394569518009e-07 3.598148380813234919e-07
4.076680951764914518e+00 3.739076236174712403e-07 3.613274580739625039e-07
4.134098993339068606e+00 3.803506410090210435e-07 3.675536993949919545e-07
4.191517034913220918e+00 3.778700509758223523e-07 3.651565691023604545e-07
4.248935076487375895e+00 3.698602419129179544e-07 3.574162509982345051e-07
4.306353118061529095e+00 3.653494497882378879e-07 3.530572249999356306e-07
4.363771159635683183e+00 3.791792363268999443e-07 3.664217067598276919e-07
4.421189201209837272e+00 3.930948041921735025e-07 3.798690837236068879e-07
4.478607242783989584e+00 3.841630003983828325e-07 3.712377915086948098e-07
4.536025284358143672e+00 3.718505790294418267e-07 3.593396229906696633e-07
4.593443325932297761e+00 3.643955879289856481e-07 3.521354559340288482e-07
4.650861367506451849e+00 3.479814849480596320e-07 3.362736073595535097e-07
4.708279409080605937e+00 3.329489032919684631e-07 3.217467986640409660e-07
4.765697450654759137e+00 3.333338382640052211e-07 3.221187824541123665e-07
4.823115492228912338e+00 3.498548508676408786e-07 3.380839436645901271e-07
4.880533533803066426e+00 3.629387735069215204e-07 3.507276562028619410e-07
4.937951575377220514e+00 3.684761391886209477e-07 3.560787165712950269e-07
4.995369616951373715e+00 3.743024484958339193e-07 3.617089990233096547e-07
5.052787658525527803e+00 3.696606012873822903e-07 3.572233273047959820e-07
5.110205700099681003e+00 3.536877268517542517e-07 3.417878620898246863e-07
5.167623741673835092e+00 3.398470054786335467e-07 3.284128133992528979e-07
5.225041783247989180e+00 3.341253124917943463e-07 3.228836274393290086e-07
5.282459824822142380e+00 3.381237845328749666e-07 3.267475704229081557e-07
5.339877866396296469e+00 3.574173580507178234e-07 3.453920094127301770e-07
5.397295907970449669e+00 3.865870143780509649e-07 3.735802492557058439e-07
5.454713949544604645e+00 4.119369139936685317e-07 3.980772485463970236e-07
5.512131991118757846e+00 4.266692109275388112e-07 4.123138756341402077e-07
5.569550032692911046e+00 4.277965816639322616e-07 4.134033158508092225e-07
5.626968074267065134e+00 4.220314498523054526e-07 4.078321525704168062e-07
5.684386115841218334e+00 4.112102048217135837e-07 3.973749895891681755e-07
5.741804157415373311e+00 3.893407165822456512e-07 3.762413028285323159e-07
5.799222198989526511e+00 3.632580458870143190e-07 3.510361866265426815e-07
5.856640240563678823e+00 3.566994507254302251e-07 3.446982561630124266e-07
5.914058282137833800e+00 3.677386209970867459e-07 3.553660122652095870e-07
5.971476323711987000e+00 3.731738002379056338e-07 3.606183242674666054e-07
6.028894365286141976e+00 3.776818181691348589e-07 3.649746694103763600e-07
6.086312406860294288e+00 3.815225251677100274e-07 3.686861553746791246e-07
6.143730448434447489e+00 3.805793634601298460e-07 3.677747264525951757e-07
6.201148490008602465e+00 3.702371907022991400e-07 3.577805173016958652e-07
6.258566531582755665e+00 3.551915168734730672e-07 3.432410569211248920e-07
6.315984573156910642e+00 3.460363038779574085e-07 3.343938721330990337e-07
6.373402614731062954e+00 3.379444504804242396e-07 3.265742700855381218e-07
6.430820656305217042e+00 3.317574785631851236e-07 3.205954595590160071e-07
6.488238697879371131e+00 3.345575413454676018e-07 3.233013139028812059e-07
6.545656739453524331e+00 3.455333380357384208e-07 3.339078286352190836e-07
6.603074781027679307e+00 3.532700412299479279e-07 3.413842295494094901e-07
6.660492822601831620e+00 3.636832116132772509e-07 3.514470476024288594e-07
6.717910864175985708e+00 3.890676667157701370e-07 3.759774397566149694e-07
6.775328905750139796e+00 4.151848006718808647e-07 4.012158596990579877e-07
6.832746947324292996e+00 4.358860316223955443e-07 4.212205953232876972e-07
6.890164988898446197e+00 4.332812616137617090e-07 4.187034631049571488e-07
6.947583030472600285e+00 4.182012923995015022e-07 4.041308612111891427e-07
7.005001072046754373e+00 4.203649463754943461e-07 4.062217187971712202e-07
7.062419113620908462e+00 4.279275249922365356e-07 4.135298535755824662e-07
7.119837155195062550e+00 4.332708341728679059e-07 4.186933864965266371e-07
7.177255196769214862e+00 4.375647943777685763e-07 4.228428759102402330e-07
7.234673238343368951e+00 4.298686074699705661e-07 4.154056281072863128e-07
7.292091279917523039e+00 4.113561993279741498e-07 3.975160720932624772e-07
7.349509321491677127e+00 4.001177565377467263e-07 3.866557480195898907e-07
7.406927363065831216e+00 4.050310271738457710e-07 3.914037110929166416e-07
7.464345404639983528e+00 4.148913929472271496e-07 4.009323237114717696e-07
7.521763446214137616e+00 4.284520802416204129e-07 4.140367601025088470e-07
7.579181487788291705e+00 4.533152371486588541e-07 4.380633931997392291e-07
7.636599529362445793e+00 4.744909266802415520e-07 4.585266241908194231e-07
7.694017570936599881e+00 5.138401398682468630e-07 4.965519285183347598e-07
7.751435612510752193e+00 4.881065788821537612e-07 4.716841761886605551e-07
7.808853654084907170e+00 4.204479404631282619e-07 4.063019205390608288e-07
7.866271695659060370e+00 4.112271575811938479e-07 3.973913719710813299e-07
7.923689737233214458e+00 4.196526146386332310e-07 4.055333535445580037e-07
7.981107778807367659e+00 4.356279601356903921e-07 4.209712066818088717e-07
8.038525820381520859e+00 4.441035131460366306e-07 4.291615987240224148e-07
8.095943861955676724e+00 4.461968856102491632e-07 4.311845394278733213e-07
8.153361903529829036e+00 4.436127479188572635e-07 4.286873453500681424e-07
8.210779945103984900e+00 4.518907384026727221e-07 4.366868218799650957e-07
8.268197986678137212e+00 4.842498543542091259e-07 4.679572116066294430e-07
8.325616028252291301e+00 5.298331201357404864e-07 5.120068231021169223e-07
8.383034069826443613e+00 5.480506241654926895e-07 5.296113970870988372e-07
8.440452111400599478e+00 5.551755372952162698e-07 5.364965916847746691e-07
8.497870152974751790e+00 5.897271565777892121e-07 5.698857177125544009e-07
8.555288194548905878e+00 6.085549221615939219e-07 5.880800209305289840e-07
8.612706236123059966e+00 5.670243639121599364e-07 5.479467631502256245e-07
8.670124277697212278e+00 4.926551296812856772e-07 4.760796904664118095e-07
8.727542319271368143e+00 4.272491822287129925e-07 4.128743337333404383e-07
8.784960360845522231e+00 3.973701401223180648e-07 3.840005754784576432e-07
8.842378402419674543e+00 4.000932582771374716e-07 3.866320740058119906e-07
8.899796443993828632e+00 4.101657406508356369e-07 3.963656665369622398e-07
8.957214485567980944e+00 4.201566889210659840e-07 4.060204681890516483e-07
9.014632527142135032e+00 4.148813135189117776e-07 4.009225834066959533e-07
9.072050568716289121e+00 3.990058504407490460e-07 3.855812521327231057e-07
9.129468610290443209e+00 3.878437320667031523e-07 3.747946845313605304e-07
9.186886651864597297e+00 3.917955403137282143e-07 3.786135337296697873e-07
9.244304693438749609e+00 4.173152491425049338e-07 4.032746289827666321e-07
9.301722735012905474e+00 4.456007038032488370e-07 4.306084162272034464e-07
9.359140776587059563e+00 4.794765239887484310e-07 4.633444804972374209e-07
9.416558818161211875e+00 4.985358345542671708e-07 4.817625383390495432e-07
9.473976859735364187e+00 4.820306132355258582e-07 4.658126371138466779e-07
9.531394901309518275e+00 4.533099658154535533e-07 4.380582992211535430e-07
9.588812942883672363e+00 4.363887533094124882e-07 4.217064028805957875e-07
9.646230984457826452e+00 4.499214152202874276e-07 4.347837568054070474e-07
9.703649026031980540e+00 4.628620249797527797e-07 4.472889782423958177e-07
9.761067067606134628e+00 4.625516464885298634e-07 4.469890424716580941e-07
9.818485109180288717e+00 4.717745092326311336e-07 4.559016009245995988e-07
9.875903150754442805e+00 4.799278760962201450e-07 4.637806468104867597e-07
9.933321192328596894e+00 4.713154698222845928e-07 4.554580059486758879e-07
9.990739233902747429e+00 4.749006115756928151e-07 4.589225251902495657e-07
