# ERS 1386 - Direct Observations of Exoplanetary Systems with JWST
# HIP 65426, F300M/ADI+RDI Contrast Curve
# Star Apparent Magnitude = 6.766(vegamag) / 0.726(Jy)
# Separation(") /// Contrast /// Uncalibrated Contrast
4.867028001602372728e-02 7.719672698297144052e+03 4.737778794660830843e-03
9.734056003204745455e-02 2.592761242824641386e+02 5.897387713489433877e-05
1.460108400480711610e-01 inf 1.113438981003133064e-05
1.946811200640949091e-01 2.657942692128598301e-03 5.261134907309569374e-06
2.433514000801186017e-01 3.397584532138983853e-04 6.433997152324115020e-06
2.920216800961423220e-01 1.945936941212353551e-04 6.851385812211551505e-06
3.406919601121661256e-01 1.093071674546534445e-04 6.554604486739199158e-06
3.893622401281898182e-01 5.998696892647113185e-05 5.536644693411953503e-06
4.380325201442135108e-01 3.992226514321874970e-05 4.956514332813744343e-06
4.867028001602372589e-01 2.303519573390497063e-05 4.176486484940100953e-06
5.353730801762609515e-01 1.486701325362290022e-05 3.711284846747620740e-06
5.840433601922846441e-01 1.151583679136345938e-05 3.697158311862743729e-06
6.327136402083084477e-01 8.508234178490618651e-06 3.310184207542095236e-06
6.813839202243322513e-01 6.627462068578888269e-06 3.095673916146975989e-06
7.300542002403558328e-01 5.591046298750618090e-06 3.025163535523927812e-06
7.787244802563796364e-01 5.195999535523012776e-06 3.226691944364252921e-06
8.273947602724032180e-01 4.674581905828327074e-06 3.273053486007282037e-06
8.760650402884270216e-01 3.423837593570864250e-06 2.520862276099602002e-06
9.247353203044507142e-01 3.549615981866103600e-06 2.720880135699325763e-06
9.734056003204744068e-01 3.968150692212613571e-06 3.135362768602357443e-06
1.022075880336498210e+00 4.098678142674741306e-06 3.334876868528124178e-06
1.070746160352521903e+00 3.713778301883055436e-06 3.146292411345111665e-06
1.119416440368545596e+00 2.962819207441005308e-06 2.518695023509322148e-06
1.168086720384569288e+00 2.330596053324286723e-06 2.012707637772100898e-06
1.216757000400593203e+00 2.240794265251475667e-06 1.950197968872371323e-06
1.265427280416616895e+00 2.308511902656279626e-06 1.986817251838290065e-06
1.314097560432640588e+00 2.099629160473893849e-06 1.791555349798110282e-06
1.362767840448664280e+00 1.747851823798288179e-06 1.478500993910440788e-06
1.411438120464687973e+00 1.624802225242867866e-06 1.362016974140224185e-06
1.460108400480711666e+00 1.609127572659857979e-06 1.336227564515263747e-06
1.508778680496735358e+00 1.438095095298959367e-06 1.182896007699250003e-06
1.557448960512759273e+00 1.337488531855897265e-06 1.115787889473301027e-06
1.606119240528782965e+00 1.297554202481873832e-06 1.099449848744816816e-06
1.654789520544806436e+00 1.180083106491077364e-06 1.011227079041637627e-06
1.703459800560830129e+00 1.074315368147147708e-06 9.237596314164341593e-07
1.752130080576854043e+00 1.016355703915172784e-06 8.769178523942497750e-07
1.800800360592877736e+00 9.900934896792632994e-07 8.526953809194028883e-07
1.849470640608901428e+00 9.990681854954151638e-07 8.573886700652900634e-07
1.898140920624924899e+00 1.074799091434448546e-06 9.213328695279432317e-07
1.946811200640948814e+00 1.133590548471531017e-06 9.822763235045371679e-07
1.995481480656972506e+00 1.254525937463486664e-06 1.098740722633016814e-06
2.044151760672996421e+00 1.339760228336595866e-06 1.173292287829329672e-06
2.092822040689020113e+00 1.254453088031842607e-06 1.089918859925156753e-06
2.141492320705043362e+00 1.046095003584603091e-06 9.016625310610201590e-07
2.190162600721067054e+00 9.643990888396556149e-07 8.400425908985025024e-07
2.238832880737090747e+00 1.015158751195103254e-06 8.936878125936964651e-07
2.287503160753114440e+00 1.053116675220049371e-06 9.304247451950758136e-07
2.336173440769138132e+00 1.086491205513235964e-06 9.533661140115433172e-07
2.384843720785162269e+00 1.080403703632914928e-06 9.415162621185517065e-07
2.433514000801185961e+00 1.012640447025036945e-06 8.852688554610372946e-07
2.482184280817209654e+00 1.008174703538964068e-06 8.862115853643881459e-07
2.530854560833233347e+00 1.041337220018263943e-06 9.192159998958168968e-07
2.579524840849257039e+00 1.005540008286225157e-06 8.874610118253221116e-07
2.628195120865280732e+00 9.875862149653162762e-07 8.714624477100481109e-07
2.676865400881303980e+00 9.749558342746475400e-07 8.601660911038044836e-07
2.725535680897328561e+00 9.978687560799094737e-07 8.802266317161571415e-07
2.774205960913351809e+00 9.964465778950046348e-07 8.788176889744642447e-07
2.822876240929375946e+00 9.554794529428211512e-07 8.425385852816038075e-07
2.871546520945399195e+00 9.093290810416957845e-07 8.002363956972532461e-07
2.920216800961423331e+00 9.142184754859251897e-07 8.024346762158317649e-07
2.968887080977446580e+00 9.212093579565877901e-07 8.064501421237994874e-07
3.017557360993470716e+00 9.122264463099020736e-07 7.964863273388081738e-07
3.066227641009493965e+00 9.396028302409924855e-07 8.182263253899547503e-07
3.114897921025518546e+00 9.675175841830648847e-07 8.403078674232932575e-07
3.163568201041541794e+00 9.547331054758451770e-07 8.276192001595759301e-07
3.212238481057565487e+00 9.348574894788355519e-07 8.103898390744949505e-07
3.260908761073589179e+00 1.010409561182482186e-06 8.758828494196284769e-07
3.309579041089612428e+00 1.027046115536570773e-06 8.903044000383006572e-07
3.358249321105636565e+00 9.740974096493226910e-07 8.444053258734344985e-07
3.406919601121659813e+00 1.016301725643903143e-06 8.809905265398634949e-07
3.455589881137684394e+00 9.810132074542912529e-07 8.504003490008254736e-07
3.504260161153707642e+00 9.166468011403929401e-07 7.946037358896625051e-07
3.552930441169731779e+00 9.417747647446848627e-07 8.163861429524803446e-07
3.601600721185755027e+00 9.388447706755404332e-07 8.138462505636340410e-07
3.650271001201779164e+00 9.291510816452550175e-07 8.054431868007598627e-07
3.698941281217802413e+00 9.346962135617280564e-07 8.102500355579352163e-07
3.747611561233826105e+00 9.363371205635167399e-07 8.116724709302581444e-07
3.796281841249849798e+00 9.606973332775990939e-07 8.327893460511826984e-07
3.844952121265873934e+00 9.800518512410442774e-07 8.495669884985943865e-07
3.893622401281897627e+00 9.818067839750389007e-07 8.510882681287991916e-07
3.942292681297921320e+00 9.431999584586802873e-07 8.176215852712647010e-07
3.990962961313945012e+00 9.441454534296807728e-07 8.184411963093299862e-07
4.039633241329968705e+00 9.621821072344499026e-07 8.340764360531307277e-07
4.088303521345992841e+00 9.844148669621794344e-07 8.533491089264911973e-07
4.136973801362016090e+00 9.792240977696384239e-07 8.488494427656507844e-07
4.185644081378041115e+00 9.460316904403925439e-07 8.200762982631253718e-07
4.234314361394063475e+00 9.314616179461800530e-07 8.074460965085552136e-07
4.282984641410087612e+00 9.224942565197380175e-07 7.996726565296463795e-07
4.331654921426110860e+00 9.560079540526476358e-07 8.287243144092089265e-07
4.380325201442134997e+00 9.739105902297756730e-07 8.442433797361392050e-07
4.428995481458159134e+00 9.593870556064175959e-07 8.316535197642439131e-07
4.477665761474182382e+00 9.490730603031104725e-07 8.227127377861033415e-07
4.526336041490206519e+00 9.808918505869604588e-07 8.502951496808288995e-07
4.575006321506229767e+00 9.638198347882299521e-07 8.354961152916161585e-07
4.623676601522253904e+00 9.260226947978048299e-07 8.027313158018108586e-07
4.672346881538277152e+00 9.494282421041909033e-07 8.230206304070205892e-07
4.721017161554301289e+00 9.361522184864068972e-07 8.115121868589425819e-07
4.769687441570324538e+00 9.383876502185483434e-07 8.134499914784273849e-07
4.818357721586348674e+00 9.226573186317965186e-07 7.998140084257774629e-07
4.867028001602372811e+00 9.098470035032397361e-07 7.887092685778760700e-07
4.915698281618396059e+00 9.068595906057989206e-07 7.861196021480165060e-07
4.964368561634419308e+00 8.888875442310909155e-07 7.705403679509857780e-07
5.013038841650443445e+00 8.733282186458462574e-07 7.570526230283201281e-07
5.061709121666467581e+00 8.649028487140367344e-07 7.497490133765553986e-07
5.110379401682491718e+00 8.733270477720617772e-07 7.570516080455784483e-07
5.159049681698514078e+00 9.118121316043457899e-07 7.904127580011719701e-07
5.207719961714539103e+00 9.629819207197747051e-07 8.347697617513858113e-07
5.256390241730562352e+00 9.295695793400767799e-07 8.058059653882734591e-07
5.305060521746585600e+00 8.895896841489086888e-07 7.711490244161816711e-07
5.353730801762608849e+00 8.840076735156080285e-07 7.663102070031079168e-07
5.402401081778632985e+00 8.579026678045272580e-07 7.436808419765356354e-07
5.451071361794658010e+00 8.624968676788278388e-07 7.476633665203418094e-07
5.499741641810680370e+00 8.677068150364239184e-07 7.521796574504841789e-07
5.548411921826704507e+00 8.356349892466114897e-07 7.243778993930923015e-07
5.597082201842727756e+00 8.317530741429602625e-07 7.210128254737481739e-07
5.645752481858752780e+00 8.376254889128782790e-07 7.261033823917074314e-07
5.694422761874775141e+00 8.662136945162441136e-07 7.508853321531151052e-07
5.743093041890799277e+00 8.563512194467748767e-07 7.423359546550763847e-07
5.791763321906822526e+00 9.783114025369008138e-07 8.480582644832853295e-07
5.840433601922846663e+00 1.012949273120901656e-06 8.780844221429947641e-07
5.889103881938870799e+00 9.082564963869022068e-07 7.873305228112094201e-07
5.937774161954894048e+00 8.626126108982966629e-07 7.477636995979017026e-07
5.986444441970918184e+00 8.130944926219736722e-07 7.048384619516886121e-07
6.035114721986941433e+00 8.286937961829896595e-07 7.183608621514595348e-07
6.083785002002965570e+00 8.524686402484870142e-07 7.389703050591700162e-07
6.132455282018988818e+00 8.699696549010002383e-07 7.541412210624177890e-07
6.181125562035012955e+00 8.670397653293643757e-07 7.516014192582009401e-07
6.229795842051037091e+00 8.542556657974640751e-07 7.405194046421073264e-07
6.278466122067060340e+00 8.491284412389794307e-07 7.360748227335155716e-07
6.327136402083084477e+00 8.194551270575874528e-07 7.103522365908181493e-07
6.375806682099106837e+00 8.010186627469217782e-07 6.943704174216181873e-07
6.424476962115131862e+00 8.394833365791537766e-07 7.277138747803786212e-07
6.473147242131155110e+00 8.348169488222965149e-07 7.236687735046249244e-07
6.521817522147179247e+00 8.534379065682005256e-07 7.398105225101643901e-07
6.570487802163202495e+00 8.992406538574212609e-07 7.795150565408795526e-07
6.619158082179225744e+00 8.998135808429761607e-07 7.800117035837182946e-07
6.667828362195250769e+00 9.414027349000509269e-07 8.160636454495807928e-07
6.716498642211274017e+00 9.994299523388759995e-07 8.663650742036100111e-07
6.765168922227297266e+00 9.916295600443517419e-07 8.596032321823180905e-07
6.813839202243320514e+00 9.300497336705114706e-07 8.062221915991677433e-07
6.862509482259345539e+00 8.907252102668706186e-07 7.721333657070805489e-07
6.911179762275368788e+00 8.664562070097025999e-07 7.510955563453146550e-07
6.959850042291392036e+00 8.703257609454639035e-07 7.544499148722382539e-07
7.008520322307416173e+00 8.709169277371221530e-07 7.549623732592648843e-07
7.057190602323440309e+00 8.894882236889157904e-07 7.710610724804359707e-07
7.105860882339463558e+00 9.155651235681553722e-07 7.936660737073925593e-07
7.154531162355486806e+00 9.023462383188155139e-07 7.822071610811176315e-07
7.203201442371510943e+00 8.990497184877481763e-07 7.793495424542466504e-07
7.251871722387535968e+00 9.241730898660005346e-07 8.011279687035574924e-07
7.300542002403558328e+00 9.291082232604987350e-07 8.054060346145533431e-07
7.349212282419582465e+00 8.868934323015870651e-07 7.688117536286594028e-07
7.397882562435605713e+00 8.463239087970302224e-07 7.336436879136218378e-07
7.446552842451629850e+00 8.882570804154728205e-07 7.699938445762135872e-07
7.495223122467653099e+00 9.033423185283470501e-07 7.830706223998663773e-07
7.543893402483677235e+00 9.104803162390047115e-07 7.892582615653596642e-07
7.592563682499700484e+00 9.615556085968722932e-07 8.335333499295227320e-07
7.641233962515723732e+00 9.651083891942734885e-07 8.366131105657668465e-07
7.689904242531748757e+00 9.735906449553496461e-07 8.439660322234190336e-07
7.738574522547772006e+00 9.272314878940277839e-07 8.037791692487234608e-07
7.787244802563796142e+00 9.096944011407572535e-07 7.885769838121590116e-07
7.835915082579818502e+00 9.261428525274983732e-07 8.028354756382841172e-07
7.884585362595843527e+00 8.788970298668034220e-07 7.618799984090357403e-07
7.933255642611866776e+00 8.503458176147076994e-07 7.371301166754505230e-07
7.981925922627890024e+00 9.015845618632348664e-07 7.815468948189208928e-07
8.030596202643913273e+00 9.866946894263715228e-07 8.553253940615709217e-07
8.079266482659937409e+00 9.978772773092511548e-07 8.650191235303216053e-07
8.127936762675959770e+00 9.500094459230760380e-07 8.235244522991877151e-07
8.176607042691985683e+00 9.203056461011899923e-07 7.977754393977895017e-07
8.225277322708008043e+00 9.467129232658610373e-07 8.206668312224446112e-07
8.273947602724030403e+00 1.007219584592369913e-06 8.731175887840703524e-07
8.322617882740056316e+00 1.056434543469013796e-06 9.157800299079420919e-07
8.371288162756080453e+00 1.043718003974731462e-06 9.047565803337176851e-07
8.419958442772102813e+00 9.619196591780813788e-07 8.338489305343114555e-07
8.468628722788126950e+00 9.578382502958995358e-07 8.303109235926625356e-07
8.517299002804149310e+00 9.873160586700823350e-07 8.558640337227855031e-07
8.565969282820175223e+00 1.116691975135567670e-06 9.680147404396230030e-07
8.614639562836199360e+00 1.602607591328804662e-06 1.389235175043133020e-06
8.663309842852219944e+00 2.069557226358764306e-06 1.794014773908816812e-06
8.711980122868245857e+00 1.927110142134656098e-06 1.670533204835266911e-06
8.760650402884268217e+00 1.366452086879987406e-06 1.184521597411613270e-06
8.809320682900292354e+00 1.147631064053879615e-06 9.948345750901426700e-07
8.857990962916318267e+00 1.163677109279424360e-06 1.008744237423126239e-06
8.906661242932338851e+00 1.369994853111591379e-06 1.187592677002480832e-06
8.955331522948362988e+00 1.358034711611346011e-06 1.177224918007368871e-06
9.004001802964388901e+00 1.108664938756766071e-06 9.610564299030207871e-07
9.052672082980411261e+00 1.000055311877170545e-06 8.669071728884959349e-07
9.101342362996437174e+00 9.032996742828357136e-07 7.830336558422398673e-07
9.150012643012457758e+00 9.132674913582122738e-07 7.916743500299087314e-07
9.198682923028481895e+00 9.936000304892771533e-07 8.613113526656382034e-07
9.247353203044507808e+00 1.004127673445964073e-06 8.704373370830700886e-07
9.296023483060530168e+00 9.834380365892940493e-07 8.525023345062242514e-07
9.344693763076552528e+00 1.044786564723739788e-06 9.056828720767648853e-07
9.393364043092578441e+00 1.094990842616410781e-06 9.492029135164222584e-07
9.442034323108600802e+00 1.077236151819543119e-06 9.338120960072079345e-07
9.490704603124624938e+00 1.033531568690313735e-06 8.959263749347278880e-07
9.539374883140649075e+00 9.899875726783144328e-07 8.581798602862795544e-07
9.588045163156671435e+00 9.825951897922245578e-07 8.517717049846889273e-07
9.636715443172697348e+00 9.621591938168550346e-07 8.340565733457060169e-07
9.685385723188719709e+00 9.426109903089325425e-07 8.171110327972612654e-07
9.734056003204743845e+00 9.482586431885028379e-07 8.220067527970818894e-07
9.782726283220766206e+00 1.009425259586223735e-06 8.750295985004564916e-07
9.831396563236790342e+00 1.021663354010130668e-06 8.856383035516373734e-07
9.880066843252814479e+00 9.885419261120776872e-07 8.569266882238464963e-07
9.928737123268838616e+00 1.012559404266025485e-06 8.777464607294969132e-07
9.977407403284862752e+00 1.001171617901534965e-06 8.678748530639490059e-07
