# ERS 1386 - Direct Observations of Exoplanetary Systems with JWST
# HIP 65426, F300M/RDI Contrast Curve
# Star Apparent Magnitude = 6.766(vegamag) / 0.726(Jy)
# Separation(") /// Contrast /// Uncalibrated Contrast
4.867028001602372728e-02 1.083790974335970895e+04 6.651527981473130159e-03
9.734056003204745455e-02 3.676138463336579889e+02 8.361592825704449090e-05
1.460108400480711610e-01 1.305682021731925424e+01 1.627732755340717498e-05
1.946811200640949091e-01 2.449232751370557324e-03 7.092987888646155487e-06
2.433514000801186017e-01 3.150047685107439967e-04 8.716972530324221152e-06
2.920216800961423220e-01 2.232288024519814751e-04 8.722553456975171106e-06
3.406919601121661256e-01 1.173832384544746691e-04 7.674857382151781292e-06
3.893622401281898182e-01 5.962195231085808442e-05 6.337800625914242210e-06
4.380325201442135108e-01 4.126076812213915813e-05 5.897004823762900403e-06
4.867028001602372589e-01 2.371075439199841922e-05 4.727260136083045502e-06
5.353730801762609515e-01 1.508041676111052572e-05 3.934907218558264952e-06
5.840433601922846441e-01 1.200687220352959151e-05 3.943996614569414145e-06
6.327136402083084477e-01 9.450065189979227885e-06 3.812524209362398352e-06
6.813839202243322513e-01 7.396799433672093554e-06 3.562877639520629757e-06
7.300542002403558328e-01 6.007106807026808030e-06 3.343491716168419229e-06
7.787244802563796364e-01 5.421087592207159225e-06 3.447480299329662924e-06
8.273947602724032180e-01 5.132320139366407259e-06 3.659570077383036194e-06
8.760650402884270216e-01 3.935087570468116398e-06 2.948769847919841816e-06
9.247353203044507142e-01 3.820375475935146355e-06 3.014864681740506509e-06
9.734056003204744068e-01 4.391015449598979775e-06 3.581117306181682846e-06
1.022075880336498210e+00 4.749092970344043287e-06 3.958178803554379613e-06
1.070746160352521903e+00 4.446997616351058500e-06 3.801402461264442065e-06
1.119416440368545596e+00 3.401619258804704114e-06 2.966570262985718094e-06
1.168086720384569288e+00 2.493692324864654248e-06 2.199165341377625504e-06
1.216757000400593203e+00 2.379754211381555825e-06 2.095018748796410539e-06
1.265427280416616895e+00 2.446502051284482923e-06 2.122926086521196321e-06
1.314097560432640588e+00 2.155902650006486637e-06 1.857739278006516634e-06
1.362767840448664280e+00 1.736117015255581163e-06 1.485523744817384841e-06
1.411438120464687973e+00 1.661927991148169698e-06 1.413557567592259441e-06
1.460108400480711666e+00 1.652907321452863907e-06 1.398855860980488531e-06
1.508778680496735358e+00 1.435724866714616145e-06 1.208948736922995871e-06
1.557448960512759273e+00 1.309860780370628135e-06 1.117362782798059171e-06
1.606119240528782965e+00 1.314405074773245843e-06 1.137106987725225505e-06
1.654789520544806436e+00 1.246518406160153716e-06 1.087659256692241475e-06
1.703459800560830129e+00 1.150510406492416980e-06 1.002347483045373756e-06
1.752130080576854043e+00 1.101402945438787569e-06 9.580905368044320179e-07
1.800800360592877736e+00 1.087646771714878564e-06 9.457387219018392243e-07
1.849470640608901428e+00 1.053849774142926120e-06 9.163119899964529402e-07
1.898140920624924899e+00 1.126644399955546925e-06 9.806469640280762651e-07
1.946811200640948814e+00 1.187216379738682034e-06 1.040146863246571565e-06
1.995481480656972506e+00 1.269241708108122648e-06 1.119256536083016123e-06
2.044151760672996421e+00 1.332374351369061751e-06 1.172607755357930579e-06
2.092822040689020113e+00 1.259357662745205516e-06 1.099313914718589584e-06
2.141492320705043362e+00 1.085921328925042695e-06 9.401297923774101160e-07
2.190162600721067054e+00 9.839741795583616385e-07 8.617482925531341093e-07
2.238832880737090747e+00 1.025621729362528745e-06 9.087053524565751269e-07
2.287503160753114440e+00 1.135061758736450174e-06 1.010067822946871694e-06
2.336173440769138132e+00 1.224477996118155484e-06 1.082760878137679274e-06
2.384843720785162269e+00 1.234567306033525767e-06 1.084749230576600138e-06
2.433514000801185961e+00 1.156490186474836758e-06 1.018923458452165528e-06
2.482184280817209654e+00 1.119303569651389036e-06 9.909267401506900462e-07
2.530854560833233347e+00 1.137168850814444382e-06 1.010797468983782868e-06
2.579524840849257039e+00 1.113376906439853920e-06 9.909310210239385187e-07
2.628195120865280732e+00 1.093287323211201996e-06 9.743092500488325345e-07
2.676865400881303980e+00 1.098412352889549828e-06 9.801408619893402400e-07
2.725535680897328561e+00 1.113413403931757019e-06 9.948082611885128904e-07
2.774205960913351809e+00 1.086593176463295177e-06 9.720957433736900705e-07
2.822876240929375946e+00 1.069271896414622615e-06 9.578304329745592897e-07
2.871546520945399195e+00 1.037006394942174747e-06 9.282358168039214803e-07
2.920216800961423331e+00 1.024600516633229412e-06 9.158295613127755563e-07
2.968887080977446580e+00 1.013846728498877450e-06 9.049294323777768484e-07
3.017557360993470716e+00 9.960883199750070901e-07 8.878134085611803262e-07
3.066227641009493965e+00 1.022782516625516757e-06 9.103066350612046149e-07
3.114897921025518546e+00 1.066942118917491693e-06 9.482545779596737882e-07
3.163568201041541794e+00 1.029803727494877243e-06 9.143039699947521838e-07
3.212238481057565487e+00 9.957924076084768592e-07 8.841072597220639330e-07
3.260908761073589179e+00 1.076938236653084651e-06 9.561520112248393220e-07
3.309579041089612428e+00 1.103122915657142223e-06 9.793998936389832631e-07
3.358249321105636565e+00 1.114879697454688610e-06 9.898380693659323793e-07
3.406919601121659813e+00 1.168635468373266918e-06 1.037564751109982527e-06
3.455589881137684394e+00 1.111349925650015203e-06 9.867041863860765110e-07
3.504260161153707642e+00 1.049709937736852626e-06 9.319775582386622736e-07
3.552930441169731779e+00 1.093680616007338900e-06 9.710166145488053735e-07
3.601600721185755027e+00 1.088154322313361236e-06 9.661101337031279451e-07
3.650271001201779164e+00 1.048789430379176635e-06 9.311602922790800269e-07
3.698941281217802413e+00 1.032322454506868728e-06 9.165402039924663557e-07
3.747611561233826105e+00 1.028662050760270912e-06 9.132903403651135619e-07
3.796281841249849798e+00 1.084390494336764606e-06 9.627684456032499913e-07
3.844952121265873934e+00 1.116883715343369961e-06 9.916173225018859817e-07
3.893622401281897627e+00 1.120136890302073196e-06 9.945056309245651083e-07
3.942292681297921320e+00 1.078406825134933411e-06 9.574558871415727769e-07
3.990962961313945012e+00 1.078170923575833947e-06 9.572464436075730668e-07
4.039633241329968705e+00 1.100942967501389109e-06 9.774644420573150524e-07
4.088303521345992841e+00 1.123312003085446280e-06 9.973246323959241177e-07
4.136973801362016090e+00 1.133613577546134290e-06 1.006470812561260991e-06
4.185644081378041115e+00 1.111834080295292468e-06 9.871340396702020737e-07
4.234314361394063475e+00 1.084920417531833810e-06 9.632389341712246786e-07
4.282984641410087612e+00 1.057699646541512439e-06 9.390711648009272941e-07
4.331654921426110860e+00 1.073543873168835249e-06 9.531383495664144425e-07
4.380325201442134997e+00 1.089617825035975273e-06 9.674094942644256562e-07
4.428995481458159134e+00 1.099136594378859587e-06 9.758606664318003353e-07
4.477665761474182382e+00 1.093625271948791334e-06 9.709674777171016649e-07
4.526336041490206519e+00 1.115081042123913904e-06 9.900168318091970569e-07
4.575006321506229767e+00 1.080428017839160994e-06 9.592503888162707171e-07
4.623676601522253904e+00 1.046448357975298113e-06 9.290817876711017979e-07
4.672346881538277152e+00 1.086158850335030214e-06 9.643384679933527164e-07
4.721017161554301289e+00 1.066838506093151201e-06 9.471850367419562263e-07
4.769687441570324538e+00 1.060875908143781236e-06 9.418911862430332738e-07
4.818357721586348674e+00 1.042442313027830997e-06 9.255250489434642466e-07
4.867028001602372811e+00 1.031640964240636073e-06 9.159351476702824825e-07
4.915698281618396059e+00 1.019670109755094346e-06 9.053069090184518804e-07
4.964368561634419308e+00 1.015756183271116250e-06 9.018319570183518965e-07
5.013038841650443445e+00 1.009680477674648887e-06 8.964376846933889148e-07
5.061709121666467581e+00 9.773712081323100512e-07 8.677521278037748268e-07
5.110379401682491718e+00 9.817627616022759822e-07 8.716511375517794386e-07
5.159049681698514078e+00 1.012397476519155376e-06 8.988499529379857733e-07
5.207719961714539103e+00 1.063698165390924224e-06 9.443969074173839712e-07
5.256390241730562352e+00 1.054450916360628999e-06 9.361868026428593747e-07
5.305060521746585600e+00 1.018233350602626787e-06 9.040312925471240488e-07
5.353730801762608849e+00 1.000156389489870131e-06 8.879817902297842851e-07
5.402401081778632985e+00 9.696917941153683151e-07 8.609340142783912710e-07
5.451071361794658010e+00 9.804161422317842875e-07 8.704555510495753380e-07
5.499741641810680370e+00 9.928714732270817171e-07 8.815139287506365397e-07
5.548411921826704507e+00 9.450930051300056834e-07 8.390941531224293036e-07
5.597082201842727756e+00 9.326697365375586552e-07 8.280642417994078282e-07
5.645752481858752780e+00 9.400174687655312745e-07 8.345878739898217095e-07
5.694422761874775141e+00 9.734826340821939382e-07 8.642996847831143013e-07
5.743093041890799277e+00 9.482971389808374538e-07 8.419389207436696031e-07
5.791763321906822526e+00 1.047656218086899801e-06 9.301541777448124941e-07
5.840433601922846663e+00 1.101474375006748170e-06 9.779362484597027559e-07
5.889103881938870799e+00 1.022211663767697291e-06 9.075634098075214410e-07
5.937774161954894048e+00 9.660638630848858768e-07 8.577129813228141388e-07
5.986444441970918184e+00 9.135010786394271971e-07 8.110454841975423534e-07
6.035114721986941433e+00 9.393366206868464309e-07 8.339833878293189060e-07
6.083785002002965570e+00 9.575322278979780123e-07 8.501382292475690916e-07
6.132455282018988818e+00 9.697770799585181377e-07 8.610097347121927597e-07
6.181125562035012955e+00 9.731346323688403912e-07 8.639907139184836589e-07
6.229795842051037091e+00 9.445346791579060333e-07 8.385984473493653926e-07
6.278466122067060340e+00 9.243018880554604925e-07 8.206349065938456069e-07
6.327136402083084477e+00 9.141475139897688461e-07 8.116194172601076323e-07
6.375806682099106837e+00 8.982845277596829174e-07 7.975355769137327412e-07
6.424476962115131862e+00 9.346821149006413925e-07 8.298509177235413940e-07
6.473147242131155110e+00 9.263617362011308740e-07 8.224637282293568200e-07
6.521817522147179247e+00 9.459856395409312530e-07 8.398866722829963910e-07
6.570487802163202495e+00 1.016346495434115089e-06 9.023560615052126888e-07
6.619158082179225744e+00 9.936265326169137929e-07 8.821843028998781851e-07
6.667828362195250769e+00 9.641582145228345333e-07 8.560210646991126256e-07
6.716498642211274017e+00 9.845407693403645567e-07 8.741175721118768811e-07
6.765168922227297266e+00 1.021878930599781197e-06 9.072679950131755214e-07
6.813839202243320514e+00 1.012943374189874797e-06 8.993346243314015730e-07
6.862509482259345539e+00 9.759028901044028972e-07 8.664484920076641811e-07
6.911179762275368788e+00 9.621645637712171091e-07 8.542510159526188787e-07
6.959850042291392036e+00 9.637684061343832015e-07 8.556749760731126908e-07
7.008520322307416173e+00 9.661741419060104370e-07 8.578108915956830993e-07
7.057190602323440309e+00 9.974789013918281168e-07 8.856046013225264327e-07
7.105860882339463558e+00 1.023943241299348537e-06 9.091007786956627309e-07
7.154531162355486806e+00 1.010916297353626160e-06 8.975348984716252421e-07
7.203201442371510943e+00 1.010520264214787998e-06 8.971832832449352354e-07
7.251871722387535968e+00 1.038563627271963623e-06 9.220813851750503206e-07
7.300542002403558328e+00 1.038324497172876358e-06 9.218690752046130525e-07
7.349212282419582465e+00 9.913341357178114949e-07 8.801490144952115392e-07
7.397882562435605713e+00 9.482735569322635091e-07 8.419179835883107039e-07
7.446552842451629850e+00 9.823486197020683124e-07 8.721712875300638122e-07
7.495223122467653099e+00 1.009132498027791515e-06 8.959511648321559381e-07
7.543893402483677235e+00 1.026668009476735923e-06 9.115199448876136680e-07
7.592563682499700484e+00 1.037602228809400818e-06 9.212278143366475894e-07
7.641233962515723732e+00 9.939591303355846154e-07 8.824795974365679995e-07
7.689904242531748757e+00 9.889560379118735908e-07 8.780376371453799149e-07
7.738574522547772006e+00 9.806238707773597874e-07 8.706399813723931152e-07
7.787244802563796142e+00 9.876788604773391254e-07 8.769037041758195951e-07
7.835915082579818502e+00 9.525074061043686048e-07 8.456769766887061064e-07
7.884585362595843527e+00 9.217475576304629650e-07 8.183670623572211355e-07
7.933255642611866776e+00 9.655147142101888123e-07 8.572254233708972258e-07
7.981925922627890024e+00 1.013703654056072785e-06 9.000096334437329953e-07
8.030596202643913273e+00 1.045893402933055717e-06 9.285890747543161466e-07
8.079266482659937409e+00 1.009070590731151473e-06 8.958962008758421805e-07
8.127936762675959770e+00 9.545464528720031361e-07 8.474873299675667145e-07
8.176607042691985683e+00 9.618967028468641279e-07 8.540131975217824719e-07
8.225277322708008043e+00 1.051173436858209102e-06 9.332769156026089204e-07
8.273947602724030403e+00 1.112839278799505643e-06 9.880264980663962550e-07
8.322617882740056316e+00 1.113976644200484045e-06 9.890362999089074755e-07
8.371288162756080453e+00 1.067763278675840978e-06 9.480060895514585015e-07
8.419958442772102813e+00 1.014211255303415911e-06 9.004603036279913836e-07
8.468628722788126950e+00 9.991893125804143798e-07 8.871231778223922847e-07
8.517299002804149310e+00 9.723081014913541209e-07 8.632568843134507243e-07
8.565969282820175223e+00 9.787478956980428562e-07 8.689744101408701434e-07
8.614639562836199360e+00 9.767774743403121470e-07 8.672249854477606048e-07
8.663309842852219944e+00 9.763476665408199306e-07 8.668433836270268743e-07
8.711980122868245857e+00 9.631577737740279963e-07 8.551328304424707983e-07
8.760650402884268217e+00 9.300357885545981071e-07 8.257257096759721769e-07
8.809320682900292354e+00 9.744820619632471250e-07 8.651870197722712977e-07
8.857990962916318267e+00 1.003822344907053256e-06 8.912365828686767245e-07
8.906661242932338851e+00 9.519384230113327546e-07 8.451718090660484409e-07
8.955331522948362988e+00 9.277789470900415135e-07 8.237219889128784086e-07
9.004001802964388901e+00 9.693893171755862086e-07 8.606654622626130820e-07
9.052672082980411261e+00 9.804144559054591522e-07 8.704540538566514835e-07
9.101342362996437174e+00 9.779343972966503518e-07 8.682521513277398940e-07
9.150012643012457758e+00 1.024047364335569183e-06 9.091932235983588926e-07
9.198682923028481895e+00 1.087153402713945115e-06 9.652214743023527086e-07
9.247353203044507808e+00 1.096168203792496672e-06 9.732252018037892641e-07
9.296023483060530168e+00 1.110128400335472343e-06 9.856196637583981515e-07
9.344693763076552528e+00 1.158015536680743011e-06 1.028135919723667799e-06
9.393364043092578441e+00 1.179474164251029414e-06 1.047187810733888767e-06
9.442034323108600802e+00 1.180914963599920569e-06 1.048467014265091440e-06
9.490704603124624938e+00 1.185218891245075558e-06 1.052288226043094844e-06
9.539374883140649075e+00 1.156295861423227601e-06 1.026609118185598983e-06
9.588045163156671435e+00 1.146442775629428908e-06 1.017861125517244840e-06
9.636715443172697348e+00 1.121591729359335251e-06 9.957972995117373960e-07
9.685385723188719709e+00 1.070655764781507768e-06 9.505741629220988378e-07
9.734056003204743845e+00 1.076523895946411883e-06 9.557841417532820562e-07
9.782726283220766206e+00 1.166489764361902982e-06 1.035659702950178295e-06
9.831396563236790342e+00 1.179326863241761218e-06 1.047057030572618922e-06
9.880066843252814479e+00 1.140548468733673661e-06 1.012627906748202053e-06
9.928737123268838616e+00 1.167534435464449679e-06 1.036587206814162903e-06
9.977407403284862752e+00 1.147896217710216788e-06 1.019151553808715969e-06
