# ERS 1386 - Direct Observations of Exoplanetary Systems with JWST
# HIP 65426, F300M/ADI Contrast Curve
# Star Apparent Magnitude = 6.766(vegamag) / 0.726(Jy)
# Separation(") /// Contrast /// Uncalibrated Contrast
4.867028001602372728e-02 2.374663197069140974e+00 1.929457462177686837e-03
9.734056003204745455e-02 3.141833013367464206e-02 5.102452223474264454e-05
1.460108400480711610e-01 6.373951648770928569e-03 2.275607582914389480e-05
1.946811200640949091e-01 3.567542146543943148e-03 2.633567503451908379e-05
2.433514000801186017e-01 1.526959279810574709e-03 1.987419037116690290e-05
2.920216800961423220e-01 5.972612217432447237e-04 1.614350823888920769e-05
3.406919601121661256e-01 3.429790059838853000e-04 1.503420416350626307e-05
3.893622401281898182e-01 2.523663241166603931e-04 1.638125682658745722e-05
4.380325201442135108e-01 1.919598795267071984e-04 1.864576164321300861e-05
4.867028001602372589e-01 2.124422654530254970e-04 3.204780878745934833e-05
5.353730801762609515e-01 1.633632051938725552e-04 3.540683919626819420e-05
5.840433601922846441e-01 9.054940581464156484e-05 2.576765459794194484e-05
6.327136402083084477e-01 4.947359761391841308e-05 1.716404712687236470e-05
6.813839202243322513e-01 3.005473806435564500e-05 1.328154261300927174e-05
7.300542002403558328e-01 1.950231262878647273e-05 1.031119696102099111e-05
7.787244802563796364e-01 1.589457441071424567e-05 9.714192023140236112e-06
8.273947602724032180e-01 1.197561064722844937e-05 8.173105167627237578e-06
8.760650402884270216e-01 1.296349079127002712e-05 9.206917110075544663e-06
9.247353203044507142e-01 1.373795805085990667e-05 1.051243459829494351e-05
9.734056003204744068e-01 1.199800814926252258e-05 9.510545681526996631e-06
1.022075880336498210e+00 1.198074857699137619e-05 9.670332299141974513e-06
1.070746160352521903e+00 1.081133590474397863e-05 9.131400612433691495e-06
1.119416440368545596e+00 8.590578631857798369e-06 7.231047163903541031e-06
1.168086720384569288e+00 7.332890106368228118e-06 6.266031530586381049e-06
1.216757000400593203e+00 5.863112089313855297e-06 5.065765924694470782e-06
1.265427280416616895e+00 5.218121317154438030e-06 4.479372000709813521e-06
1.314097560432640588e+00 4.721131208256594356e-06 4.012833751397183988e-06
1.362767840448664280e+00 3.270210980724485981e-06 2.751946900852719662e-06
1.411438120464687973e+00 2.456316085932974922e-06 2.048297885657088981e-06
1.460108400480711666e+00 2.445596269212147290e-06 2.022539967968778201e-06
1.508778680496735358e+00 2.277807031111358379e-06 1.868111229129913177e-06
1.557448960512759273e+00 2.001972882291174509e-06 1.658540225290430865e-06
1.606119240528782965e+00 1.937344599016881118e-06 1.623198079742165923e-06
1.654789520544806436e+00 1.742417573397941947e-06 1.472910870313306216e-06
1.703459800560830129e+00 1.441900883547668886e-06 1.224417789586908840e-06
1.752130080576854043e+00 1.293042283745124415e-06 1.102981053084775771e-06
1.800800360592877736e+00 1.221058545933222910e-06 1.036698361798628239e-06
1.849470640608901428e+00 1.326334670352576715e-06 1.117425323964385493e-06
1.898140920624924899e+00 1.344894232857669001e-06 1.128668965244256838e-06
1.946811200640948814e+00 1.335482300829151576e-06 1.138074481584924559e-06
1.995481480656972506e+00 1.526333343941212886e-06 1.320491537225641111e-06
2.044151760672996421e+00 1.787489654431164323e-06 1.550720618038929922e-06
2.092822040689020113e+00 1.738257798037656287e-06 1.498810425573430259e-06
2.141492320705043362e+00 1.369537591692868150e-06 1.173633802302349134e-06
2.190162600721067054e+00 1.203902247989936960e-06 1.040982713210871118e-06
2.238832880737090747e+00 1.231029732287482572e-06 1.074108468849931735e-06
2.287503160753114440e+00 1.202676432510738627e-06 1.051032921308675393e-06
2.336173440769138132e+00 1.102162329311863603e-06 9.540500532988362714e-07
2.384843720785162269e+00 1.064133725330607706e-06 9.123048834457775200e-07
2.433514000801185961e+00 1.087875412452228513e-06 9.370535276068500574e-07
2.482184280817209654e+00 1.180375702494334052e-06 1.024871405467820591e-06
2.530854560833233347e+00 1.208152615936786132e-06 1.055029539976767438e-06
2.579524840849257039e+00 1.124304431018223340e-06 9.799965615511355988e-07
2.628195120865280732e+00 1.093785568826747321e-06 9.516322309161956705e-07
2.676865400881303980e+00 1.066247103305199664e-06 9.259545115756468286e-07
2.725535680897328561e+00 1.076432423280126461e-06 9.330649956363309400e-07
2.774205960913351809e+00 1.106807221491303435e-06 9.576106068058464843e-07
2.822876240929375946e+00 1.034698340641659573e-06 8.935545016524147658e-07
2.871546520945399195e+00 9.573405612448534999e-07 8.245452414086462842e-07
2.920216800961423331e+00 9.807523306971657923e-07 8.422270171881874512e-07
2.968887080977446580e+00 9.810322857868473598e-07 8.399842384074671076e-07
3.017557360993470716e+00 9.944711576220523661e-07 8.489737262303248032e-07
3.066227641009493965e+00 1.007110840157301641e-06 8.572149410951780361e-07
3.114897921025518546e+00 9.741645525004345606e-07 8.267064895301529370e-07
3.163568201041541794e+00 1.006456201780479303e-06 8.522728468519287398e-07
3.212238481057565487e+00 1.036785927302723279e-06 8.779562312548979899e-07
3.260908761073589179e+00 1.144941864722184386e-06 9.695432953768680661e-07
3.309579041089612428e+00 1.158529079678620701e-06 9.810490264272857444e-07
3.358249321105636565e+00 1.002744105430892178e-06 8.491294225101098712e-07
3.406919601121659813e+00 9.655227533169560894e-07 8.176101694380904742e-07
3.455589881137684394e+00 9.391532205943033789e-07 7.952802988645549163e-07
3.504260161153707642e+00 9.064370558218620596e-07 7.675760641056467776e-07
3.552930441169731779e+00 9.289315536319644157e-07 7.866245330337581453e-07
3.601600721185755027e+00 9.193024957667194845e-07 7.784705919633009067e-07
3.650271001201779164e+00 9.311604705640520963e-07 7.885119925930973774e-07
3.698941281217802413e+00 9.682990624008287959e-07 8.199611637908176222e-07
3.747611561233826105e+00 1.011446046615941102e-06 8.564982758927007973e-07
3.796281841249849798e+00 1.011344170366348408e-06 8.564120065040146746e-07
3.844952121265873934e+00 9.405823552782502060e-07 7.964904982586938814e-07
3.893622401281897627e+00 9.207696433796947288e-07 7.797129809223538653e-07
3.942292681297921320e+00 9.414538822026140955e-07 7.972285122245492297e-07
3.990962961313945012e+00 9.539012711588658369e-07 8.077690321228327165e-07
4.039633241329968705e+00 9.638735734878053796e-07 8.162136345610888400e-07
4.088303521345992841e+00 9.480647277248541904e-07 8.028266138839861810e-07
4.136973801362016090e+00 8.936516341780741814e-07 7.567492962013141988e-07
4.185644081378041115e+00 8.978578692906644049e-07 7.603111600634415859e-07
4.234314361394063475e+00 9.283555774119173954e-07 7.861367930884827927e-07
4.282984641410087612e+00 9.116051189280963501e-07 7.719524093936670631e-07
4.331654921426110860e+00 9.357050805362549698e-07 7.923603942145380227e-07
4.380325201442134997e+00 9.809532305289371055e-07 8.306767854701384460e-07
4.428995481458159134e+00 9.147247845713160111e-07 7.745941600374301268e-07
4.477665761474182382e+00 8.578640942801555732e-07 7.264442034842456506e-07
4.526336041490206519e+00 9.736737470689229083e-07 8.245124773948317572e-07
4.575006321506229767e+00 1.002633575806927708e-06 8.490358253946954171e-07
4.623676601522253904e+00 9.350424424823088763e-07 7.917992685344835877e-07
4.672346881538277152e+00 9.281265996343475116e-07 7.859428934016309632e-07
4.721017161554301289e+00 9.562664079142965371e-07 8.097718434048130262e-07
4.769687441570324538e+00 1.011019127898610656e-06 8.561367586901141455e-07
4.818357721586348674e+00 9.806789186374320603e-07 8.304444965972745565e-07
4.867028001602372811e+00 9.178009794552134827e-07 7.771990993944857546e-07
4.915698281618396059e+00 9.526007006455978103e-07 8.066677016010338086e-07
4.964368561634419308e+00 9.326078306333592522e-07 7.897376253474149476e-07
5.013038841650443445e+00 8.924487136675926347e-07 7.557306562583231870e-07
5.061709121666467581e+00 9.148277772318341646e-07 7.746813748092497261e-07
5.110379401682491718e+00 9.289326238586341020e-07 7.866254393078006248e-07
5.159049681698514078e+00 9.611045743696596496e-07 8.138688303289943322e-07
5.207719961714539103e+00 1.001090922518242851e-06 8.477294977991904186e-07
5.256390241730562352e+00 9.467582812467746319e-07 8.017203075617012801e-07
5.305060521746585600e+00 9.097329621593062297e-07 7.703670563735682081e-07
5.353730801762608849e+00 8.920400436646823010e-07 7.553845921710959037e-07
5.402401081778632985e+00 8.481169566869858297e-07 7.181902718273169100e-07
5.451071361794658010e+00 8.628559337277632463e-07 7.306713215739489874e-07
5.499741641810680370e+00 8.930619236869543266e-07 7.562499259970310520e-07
5.548411921826704507e+00 9.035149495401877725e-07 7.651016078550114630e-07
5.597082201842727756e+00 9.018476217759016002e-07 7.636897052031229674e-07
5.645752481858752780e+00 9.033688348174628427e-07 7.649778770751886661e-07
5.694422761874775141e+00 9.086630374603590621e-07 7.694610380416470377e-07
5.743093041890799277e+00 9.332177655750688595e-07 7.902541217317044276e-07
5.791763321906822526e+00 1.137839206745876310e-06 9.635287241287849834e-07
5.840433601922846663e+00 1.123807240111075609e-06 9.516463748227580455e-07
5.889103881938870799e+00 9.389494026930068631e-07 7.951077047043021915e-07
5.937774161954894048e+00 9.169967660068597894e-07 7.765180868636945747e-07
5.986444441970918184e+00 8.543801273758999231e-07 7.234939604567050711e-07
6.035114721986941433e+00 8.604614203429857489e-07 7.286436339948381734e-07
6.083785002002965570e+00 9.143090513568766706e-07 7.742421147824311427e-07
6.132455282018988818e+00 9.469518063767771749e-07 8.018841857445699311e-07
6.181125562035012955e+00 9.641450371954030998e-07 8.164435115755896998e-07
6.229795842051037091e+00 9.925139823096967691e-07 8.404664959558069586e-07
6.278466122067060340e+00 1.006364727641429954e-06 8.521953860297260515e-07
6.327136402083084477e+00 9.526081613688094257e-07 8.066740193839635591e-07
6.375806682099106837e+00 9.102405745413495507e-07 7.707969054312579208e-07
6.424476962115131862e+00 9.323559562618679253e-07 7.895243366943566324e-07
6.473147242131155110e+00 9.468060924161742374e-07 8.017607943323958148e-07
6.521817522147179247e+00 9.876733387129325318e-07 8.363674113741715067e-07
6.570487802163202495e+00 1.048883977904104154e-06 8.882009294436091614e-07
6.619158082179225744e+00 1.323971449292836262e-06 1.121146567772448723e-06
6.667828362195250769e+00 1.747868801898711313e-06 1.480105261493334380e-06
6.716498642211274017e+00 1.920632344395907745e-06 1.626402413754734914e-06
6.765168922227297266e+00 1.657268157546246467e-06 1.403384119577477705e-06
6.813839202243320514e+00 1.210594336591665109e-06 1.025138182669611470e-06
6.862509482259345539e+00 1.014400501375414103e-06 8.590001250186704914e-07
6.911179762275368788e+00 9.349834029255744787e-07 7.917492735014102478e-07
6.959850042291392036e+00 9.343446312987375137e-07 7.912083580478321374e-07
7.008520322307416173e+00 9.500402712235321861e-07 8.044995153760923943e-07
7.057190602323440309e+00 9.380139854486709927e-07 7.943155880514223823e-07
7.105860882339463558e+00 9.602626441754202650e-07 8.131558790428623455e-07
7.154531162355486806e+00 9.874508772336136683e-07 8.361790297258109772e-07
7.203201442371510943e+00 9.764136411099613066e-07 8.268326352817794619e-07
7.251871722387535968e+00 9.942578467114929905e-07 8.419432102684748000e-07
7.300542002403558328e+00 9.997143794274931869e-07 8.465638332658584024e-07
7.349212282419582465e+00 9.752391206859177785e-07 8.258380446938190210e-07
7.397882562435605713e+00 9.746910051452810207e-07 8.253738973306293979e-07
7.446552842451629850e+00 1.054346092716734636e-06 8.928262793922282247e-07
7.495223122467653099e+00 1.159247699893964474e-06 9.816575581206200851e-07
7.543893402483677235e+00 1.314069595163387759e-06 1.112761621270963269e-06
7.592563682499700484e+00 1.541785124171339980e-06 1.305592428847755148e-06
7.641233962515723732e+00 1.781216304441573996e-06 1.508344116673846864e-06
7.689904242531748757e+00 1.950046506167043261e-06 1.651310493556022519e-06
7.738574522547772006e+00 1.760192926453735711e-06 1.490541400394249369e-06
7.787244802563796142e+00 1.428761374844554156e-06 1.209883273863951206e-06
7.835915082579818502e+00 1.549684088041245260e-06 1.312281316464201059e-06
7.884585362595843527e+00 1.517031949724621653e-06 1.284631299672927532e-06
7.933255642611866776e+00 1.287296408677044909e-06 1.090089934390156572e-06
7.981925922627890024e+00 1.479746745703341057e-06 1.253057976441915447e-06
8.030596202643913273e+00 1.885266246828634473e-06 1.596454200804801546e-06
8.079266482659937409e+00 2.164745646327692047e-06 1.833118948884402547e-06
8.127936762675959770e+00 2.181941841528887660e-06 1.847680784971474658e-06
8.176607042691985683e+00 1.913650513454877387e-06 1.620490159528645301e-06
8.225277322708008043e+00 1.648170532441060212e-06 1.395680198796551469e-06
8.273947602724030403e+00 1.831525125627014168e-06 1.550945913133174172e-06
8.322617882740056316e+00 2.194648555618083516e-06 1.858440902870072032e-06
8.371288162756080453e+00 2.422669977311507745e-06 2.051530742116018625e-06
8.419958442772102813e+00 2.147728758665768873e-06 1.818708951443351674e-06
8.468628722788126950e+00 2.028420476067860131e-06 1.717678017873812601e-06
8.517299002804149310e+00 2.369326387913260360e-06 2.006359086640780419e-06
8.565969282820175223e+00 3.197154242926202464e-06 2.707368431555217023e-06
8.614639562836199360e+00 5.292482444945794441e-06 4.481704293031556231e-06
8.663309842852219944e+00 7.094818221173951084e-06 6.007932498761357729e-06
8.711980122868245857e+00 6.582920618631820662e-06 5.574454691934333901e-06
8.760650402884268217e+00 4.361278528975218786e-06 3.693155510620645852e-06
8.809320682900292354e+00 2.989930307623251384e-06 2.531890022296999685e-06
8.857990962916318267e+00 2.876985920029860352e-06 2.436248071281268789e-06
8.906661242932338851e+00 3.954723355348162443e-06 3.348882272881596435e-06
8.955331522948362988e+00 4.037145896094486001e-06 3.418678150061714103e-06
9.004001802964388901e+00 2.952108274088796391e-06 2.499862108775165341e-06
9.052672082980411261e+00 2.386926759385599622e-06 2.021263181497412667e-06
9.101342362996437174e+00 1.784771319471912211e-06 1.511354523659414448e-06
9.150012643012457758e+00 1.570816725030197848e-06 1.330176553888543021e-06
9.198682923028481895e+00 2.040251733123373639e-06 1.727696793767588356e-06
9.247353203044507808e+00 2.193603244170142202e-06 1.857555727179358621e-06
9.296023483060530168e+00 2.024145776002332577e-06 1.714058177499397538e-06
9.344693763076552528e+00 2.174350077043967733e-06 1.841252035544777522e-06
9.393364043092578441e+00 2.381762667898958609e-06 2.016890199399496138e-06
9.442034323108600802e+00 2.101520494030758869e-06 1.779579529637516214e-06
9.490704603124624938e+00 1.534281784103168889e-06 1.299238557721038053e-06
9.539374883140649075e+00 1.290783892292582972e-06 1.093043155388850706e-06
9.588045163156671435e+00 1.255991610961115768e-06 1.063580853297228913e-06
9.636715443172697348e+00 1.186721219777187037e-06 1.004922291312680281e-06
9.685385723188719709e+00 1.141283840990891984e-06 9.664456600363483093e-07
9.734056003204743845e+00 1.102758418675364344e-06 9.338221128865149711e-07
9.782726283220766206e+00 1.078689320577292077e-06 9.134402634618575854e-07
9.831396563236790342e+00 1.037235355478015236e-06 8.783368095947540646e-07
9.880066843252814479e+00 1.034489422447509279e-06 8.760115378571127295e-07
9.928737123268838616e+00 1.096909978276124925e-06 9.288696202297200238e-07
9.977407403284862752e+00 1.094436244151239459e-06 9.267748480764546662e-07
