# ERS 1386 - Direct Observations of Exoplanetary Systems with JWST
# HIP 65426, F356W/RDI Contrast Curve
# Star Apparent Magnitude = 6.767(vegamag) / 0.534(Jy)
# Separation(") /// Contrast /// Uncalibrated Contrast
5.680235568255156270e-02 1.732138492214321559e+03 9.512690737524448275e-04
1.136047113651031254e-01 1.470119745116994181e+03 1.446234807030648652e-04
1.704070670476546812e-01 1.032261483613647508e-02 6.732939954887272511e-05
2.272094227302062508e-01 1.708571482231363223e-03 3.898126660437453445e-05
2.840117784127578759e-01 4.465253179623459310e-04 1.988735304252527570e-05
3.408141340953094178e-01 2.028408411229133473e-04 1.541836594072061768e-05
3.976164897778609042e-01 1.305702568792498509e-04 1.611138479578427842e-05
4.544188454604125016e-01 6.711331579176592549e-05 1.238384333172047318e-05
5.112212011429640990e-01 2.406504278952992254e-05 6.209365328699017977e-06
5.680235568255157519e-01 2.194988597103573859e-05 7.664756058741791989e-06
6.248259125080672938e-01 2.391623459667563536e-05 1.058379950460556598e-05
6.816282681906187246e-01 2.162624863892452225e-05 1.140323530600142503e-05
7.384306238731703775e-01 1.406314138849316532e-05 8.682419458973202045e-06
7.952329795557219194e-01 8.355089780565715137e-06 5.798230578656210386e-06
8.520353352382734613e-01 6.217601459463149868e-06 4.761239124034884505e-06
9.088376909208250032e-01 4.329613139745663783e-06 3.593795465265273957e-06
9.656400466033766561e-01 4.714579600226682368e-06 4.143146460454033968e-06
1.022442402285928198e+00 5.000688268818039477e-06 4.347553161875905251e-06
1.079244757968479629e+00 5.468661648944277038e-06 4.158427011811934983e-06
1.136047113651031060e+00 4.761765359210827455e-06 4.265833537705174293e-06
1.192849469333582935e+00 4.332611527654686823e-06 3.940090910687449437e-06
1.249651825016134365e+00 4.321333213966704851e-06 3.999360770489740878e-06
1.306454180698685796e+00 4.014954762389909282e-06 3.636378373586308406e-06
1.363256536381237449e+00 3.482537708182119388e-06 3.057281080098097762e-06
1.420058892063789102e+00 3.520138882826084329e-06 3.085372093043150844e-06
1.476861247746340533e+00 3.424195968381501054e-06 3.056910772048329175e-06
1.533663603428892186e+00 2.762519597111518727e-06 2.506245883352206391e-06
1.590465959111443617e+00 2.214854010720755156e-06 2.035189541903188351e-06
1.647268314793995270e+00 1.968155005625280783e-06 1.829399827592918104e-06
1.704070670476546923e+00 1.774813920795929995e-06 1.659137704811374662e-06
1.760873026159098353e+00 1.636500536227772621e-06 1.538551173469101871e-06
1.817675381841650006e+00 1.489054541650230577e-06 1.417166560704651148e-06
1.874477737524201437e+00 1.368499433207368978e-06 1.318770822974254133e-06
1.931280093206753090e+00 1.294775397918341775e-06 1.253918147960912764e-06
1.988082448889304743e+00 1.222960545598791207e-06 1.186927150299438468e-06
2.044884804571856396e+00 1.149881507076312941e-06 1.116497052012764918e-06
2.101687160254408049e+00 1.129380704056000768e-06 1.095266040540981489e-06
2.158489515936959258e+00 1.140618460212281893e-06 1.103815314866568269e-06
2.215291871619510911e+00 1.076338530076707492e-06 1.037061741260109219e-06
2.272094227302062119e+00 1.049273559290050727e-06 1.006888344402865083e-06
2.328896582984614216e+00 1.153052029829782453e-06 1.106745129737636359e-06
2.385698938667165869e+00 1.217326615104551035e-06 1.168723930936210390e-06
2.442501294349717078e+00 1.190649549916456128e-06 1.137487347897167413e-06
2.499303650032268731e+00 1.153966934032279577e-06 1.096011946782125974e-06
2.556106005714820384e+00 1.170314654130006902e-06 1.105612844059337892e-06
2.612908361397371593e+00 1.166033134747048390e-06 1.096004267420950269e-06
2.669710717079923690e+00 1.042146266956114967e-06 9.745850829677138021e-07
2.726513072762474899e+00 9.820957147944446981e-07 9.137414400766063056e-07
2.783315428445026551e+00 9.939718336608317373e-07 9.200482075220261315e-07
2.840117784127578204e+00 1.010237212469517321e-06 9.310071740647874747e-07
2.896920139810129413e+00 1.000694917443393893e-06 9.253943977323711216e-07
2.953722495492681510e+00 9.909006889540232339e-07 9.194871759423499945e-07
3.010524851175232719e+00 9.763364953693887496e-07 9.090763232459932843e-07
3.067327206857784372e+00 9.145406567251938019e-07 8.544448869576658353e-07
3.124129562540336025e+00 8.614188608402107727e-07 8.075521940887211090e-07
3.180931918222887234e+00 8.476322274046219800e-07 7.958549045862800725e-07
3.237734273905438886e+00 8.908825454208472756e-07 8.364632918151651200e-07
3.294536629587990983e+00 8.866679953852293842e-07 8.325061861176375934e-07
3.351338985270542192e+00 8.531201906629372247e-07 8.010076374981618891e-07
3.408141340953093845e+00 8.069865237216454841e-07 7.576920297207212290e-07
3.464943696635645054e+00 7.821404579263176708e-07 7.343636773013813804e-07
3.521746052318196707e+00 8.188825824628773870e-07 7.688614218088969666e-07
3.578548408000748804e+00 8.244474042486878215e-07 7.740863183715799629e-07
3.635350763683300013e+00 8.066606140626438060e-07 7.573860281410471577e-07
3.692153119365851666e+00 8.224789840062255440e-07 7.722381384020107906e-07
3.748955475048402874e+00 7.946116360857737839e-07 7.460730578361006451e-07
3.805757830730954527e+00 8.296959365717009170e-07 7.790142459044198319e-07
3.862560186413506624e+00 8.661564315961806382e-07 8.132475641416513951e-07
3.919362542096057833e+00 8.688794487773649555e-07 8.158042467557065262e-07
3.976164897778609486e+00 8.706619186739924921e-07 8.174778350923039000e-07
4.032967253461161583e+00 8.220594296165613543e-07 7.718442123478099799e-07
4.089769609143712792e+00 7.795997678326028093e-07 7.319781843874227031e-07
4.146571964826264001e+00 8.228118790406444333e-07 7.725506986578495249e-07
4.203374320508816098e+00 8.391702706312311766e-07 7.879098435294103410e-07
4.260176676191366418e+00 8.263893105951864562e-07 7.759096040373931797e-07
4.316979031873918515e+00 8.226589990340534818e-07 7.724071572738330758e-07
4.373781387556469724e+00 7.940340492252261606e-07 7.455307526700985189e-07
4.430583743239021821e+00 8.055892542487109455e-07 7.563801119725386988e-07
4.487386098921573030e+00 7.866510829301153656e-07 7.385987723295795688e-07
4.544188454604124239e+00 7.767383651916937772e-07 7.292915695418116804e-07
4.600990810286676336e+00 7.929166007662061356e-07 7.444815631655223729e-07
4.657793165969228433e+00 7.602188608823472939e-07 7.137811534664543505e-07
4.714595521651779642e+00 7.435772635224005454e-07 6.981561023524628445e-07
4.771397877334331739e+00 7.751462913138681594e-07 7.277967469487504808e-07
4.828200233016882947e+00 8.228965092889767570e-07 7.726301592965959434e-07
4.885002588699434156e+00 8.340014060953080365e-07 7.830567173043112781e-07
4.941804944381985365e+00 7.951211970408486303e-07 7.465514924356482987e-07
4.998607300064537462e+00 7.806945429905680767e-07 7.330060855817339265e-07
5.055409655747088671e+00 7.710253959333039021e-07 7.239275750439127713e-07
5.112212011429640768e+00 7.651226426449180350e-07 7.183853894081579847e-07
5.169014367112191088e+00 7.931862914250176440e-07 7.447347798632798832e-07
5.225816722794744074e+00 8.266490689707613408e-07 7.761534951620164891e-07
5.282619078477295282e+00 8.619780593796513835e-07 8.093244263535874568e-07
5.339421434159847379e+00 8.362554235266046371e-07 7.851730488567500840e-07
5.396223789842398588e+00 8.065530780397441369e-07 7.572850609190875524e-07
5.453026145524949797e+00 8.289338947879843109e-07 7.782987531807329591e-07
5.509828501207501006e+00 8.422295182346083174e-07 7.907822180460641828e-07
5.566630856890053103e+00 8.299478165992640665e-07 7.792507399272076071e-07
5.623433212572604312e+00 8.366636657024415471e-07 7.855563536998111103e-07
5.680235568255156409e+00 8.258698508442089474e-07 7.754218753064830595e-07
5.737037923937706729e+00 7.791673939634868231e-07 7.315722219272593970e-07
5.793840279620258826e+00 8.253692716642821885e-07 7.749518738334405093e-07
5.850642635302810923e+00 9.203617571929343969e-07 8.641417760842086716e-07
5.907444990985363020e+00 9.317895346754024312e-07 8.748714917131087868e-07
5.964247346667914229e+00 8.487540266676202711e-07 7.969081791274712246e-07
6.021049702350465438e+00 8.291963514661311629e-07 7.785451777830443937e-07
6.077852058033016647e+00 8.344974245221691180e-07 7.835224366163191320e-07
6.134654413715568744e+00 8.138391401848269740e-07 7.641260564662242858e-07
6.191456769398119953e+00 8.603414680926320703e-07 8.077878056819482781e-07
6.248259125080672050e+00 8.625934718924517421e-07 8.099022466048957290e-07
6.305061480763222370e+00 7.932706401488621240e-07 7.448139761743649422e-07
6.361863836445774467e+00 7.689532737780475941e-07 7.219820277571937258e-07
6.418666192128325676e+00 8.047673312890978295e-07 7.556083958939711480e-07
6.475468547810878661e+00 8.238218040667040104e-07 7.734989327613532632e-07
6.532270903493429870e+00 8.380852114836220386e-07 7.868910648463073798e-07
6.589073259175981967e+00 8.730070997264377615e-07 8.196797615674761006e-07
6.645875614858532288e+00 8.603829617936769388e-07 8.078267647545488234e-07
6.702677970541084385e+00 8.513978686809619827e-07 7.993905229615558791e-07
6.759480326223635593e+00 9.608969428910425620e-07 9.022008839179596141e-07
6.816282681906187690e+00 9.900061201013570374e-07 9.295319370590539440e-07
6.873085037588738899e+00 9.302654628947851516e-07 8.734405173325572987e-07
6.929887393271290108e+00 8.979226474680214934e-07 8.430733516523035907e-07
6.986689748953841317e+00 8.983729932888626085e-07 8.434961882537076412e-07
7.043492104636394302e+00 9.197162698809561913e-07 8.635357181424772352e-07
7.100294460318945511e+00 8.943350048855696464e-07 8.397048589819748531e-07
7.157096816001497608e+00 8.812117346133260000e-07 8.273832191566985723e-07
7.213899171684047928e+00 9.094608459764494043e-07 8.539067432768047475e-07
7.270701527366600025e+00 8.809088934728130228e-07 8.270988769630024916e-07
7.327503883049151234e+00 8.599373418149083218e-07 8.074083653187811144e-07
7.384306238731703331e+00 9.474034569671948045e-07 8.895316429367127979e-07
7.441108594414254540e+00 9.702370380606652806e-07 9.109704425894216134e-07
7.497910950096805749e+00 9.824814280080845976e-07 9.224668881919658445e-07
7.554713305779356958e+00 9.473425673209350190e-07 8.894744727135338375e-07
7.611515661461909055e+00 8.397668058409407279e-07 7.884699395911887194e-07
7.668318017144461152e+00 8.532047820057034161e-07 8.010870616078753269e-07
7.725120372827013249e+00 8.500201590707790046e-07 7.980969702686420579e-07
7.781922728509563569e+00 8.695276003533475834e-07 8.164128062157928705e-07
7.838725084192115666e+00 8.811772067419056062e-07 8.273508004084178438e-07
7.895527439874666875e+00 8.430746496330552403e-07 7.915757248839687702e-07
7.952329795557218972e+00 8.787804003224359094e-07 8.251004020839942478e-07
8.009132151239770181e+00 9.040076519931352868e-07 8.487866557707296863e-07
8.065934506922323166e+00 8.641595948329525994e-07 8.113727034647052011e-07
8.122736862604874375e+00 8.421737450900876806e-07 7.907298517848770105e-07
8.179539218287425584e+00 9.237765721541204869e-07 8.673479982490216363e-07
8.236341573969976793e+00 9.698275328309420116e-07 9.105859518456861446e-07
8.293143929652528001e+00 9.263275292356838937e-07 8.697431309954105440e-07
8.349946285335079210e+00 8.702104474620320561e-07 8.170539418439095956e-07
8.406748641017632195e+00 8.672131317557618881e-07 8.142397161357477694e-07
8.463550996700183404e+00 8.652924097379759645e-07 8.124363207612204423e-07
8.520353352382732837e+00 8.413611495506688215e-07 7.899668933642520446e-07
8.577155708065285822e+00 8.101164845135055269e-07 7.606307979350821098e-07
8.633958063747837031e+00 8.191693613059434902e-07 7.691306828650563175e-07
8.690760419430390016e+00 8.415490828869977288e-07 7.901433468574263272e-07
8.747562775112939448e+00 8.058347168496520968e-07 7.566105805750005173e-07
8.804365130795490657e+00 7.681393924347511608e-07 7.212178620755784956e-07
8.861167486478043642e+00 7.709956104239740489e-07 7.238996089721668429e-07
8.917969842160594851e+00 7.707382111017508920e-07 7.236579327989333595e-07
8.974772197843146060e+00 7.726853148394346524e-07 7.254860983750803242e-07
9.031574553525697269e+00 7.951737525143439200e-07 7.466008375761370346e-07
9.088376909208248478e+00 8.332917440536559829e-07 7.823904047241763667e-07
9.145179264890803239e+00 8.662402686377500840e-07 8.133262800263969842e-07
9.201981620573352671e+00 9.057782787172766604e-07 8.504491243709552675e-07
9.258783976255905657e+00 9.285672691818344180e-07 8.718460571979684929e-07
9.315586331938456865e+00 9.389843516400062516e-07 8.816268157602054273e-07
9.372388687621009851e+00 9.812486033033358822e-07 9.213093701599135473e-07
9.429191043303559283e+00 1.027956780490065173e-06 9.651643944222212536e-07
9.485993398986110492e+00 1.032125442209363888e-06 9.690784148754350308e-07
9.542795754668663477e+00 9.918129409258452430e-07 9.312283888554663617e-07
9.599598110351214686e+00 9.808254182388894208e-07 9.209120352094497304e-07
9.656400466033765895e+00 9.755509843493001812e-07 9.159597882983116926e-07
9.713202821716317104e+00 9.502810677398863127e-07 8.922334758459558345e-07
9.770005177398868312e+00 9.538748351803123176e-07 8.956077192394177749e-07
9.826807533081421298e+00 9.629468197197398089e-07 9.041255447262344743e-07
9.883609888763970730e+00 9.317762132000108661e-07 8.748589839754556923e-07
9.940412244446523715e+00 9.118176008728883079e-07 8.561195366116943489e-07
9.997214600129074924e+00 9.508349496137870769e-07 8.927535240362601258e-07
