# ERS 1386 - Direct Observations of Exoplanetary Systems with JWST
# HIP 65426, F356W/ADI+RDI Contrast Curve
# Star Apparent Magnitude = 6.767(vegamag) / 0.534(Jy)
# Separation(") /// Contrast /// Uncalibrated Contrast
5.680235568255156270e-02 1.955910364704898029e+03 1.074161823283018924e-03
1.136047113651031254e-01 1.164265662371857616e+03 1.145349915301473870e-04
1.704070670476546812e-01 1.236741033788042038e-02 5.063921675459211332e-05
2.272094227302062508e-01 2.044664428831373913e-03 2.930801146116565294e-05
2.840117784127578759e-01 5.347535052418480412e-04 1.704305549246342384e-05
3.408141340953094178e-01 2.464997203537298582e-04 1.478903904891535332e-05
3.976164897778609042e-01 1.487310030828292490e-04 1.535410009472571306e-05
4.544188454604125016e-01 7.133358274724289287e-05 1.148963438787668882e-05
5.112212011429640990e-01 2.601312352970364057e-05 5.899156151496678162e-06
5.680235568255157519e-01 2.276245725912112426e-05 7.149318366042405241e-06
6.248259125080672938e-01 2.085614003618349704e-05 8.650333608300467939e-06
6.816282681906187246e-01 1.735618217405618272e-05 8.720247040256369264e-06
7.384306238731703775e-01 1.143711245809453928e-05 6.825898963893945755e-06
7.952329795557219194e-01 7.037889108433767979e-06 4.729234468181838980e-06
8.520353352382734613e-01 5.081867760606036341e-06 3.762936714871152200e-06
9.088376909208250032e-01 3.800065827690589419e-06 3.067432825362680466e-06
9.656400466033766561e-01 4.330326963624812523e-06 3.703481258915641535e-06
1.022442402285928198e+00 4.585230551166737719e-06 4.007145645858752935e-06
1.079244757968479629e+00 4.283080103809764396e-06 3.770236458441076981e-06
1.136047113651031060e+00 4.268301660713765817e-06 3.772944909959431759e-06
1.192849469333582935e+00 3.951149003887509419e-06 3.517450437337069441e-06
1.249651825016134365e+00 4.179938588135693195e-06 3.464364275391067836e-06
1.306454180698685796e+00 3.850081484549365194e-06 3.193553701737399234e-06
1.363256536381237449e+00 3.378586519031624874e-06 2.855473996619382813e-06
1.420058892063789102e+00 3.193505113124610214e-06 2.728284169302540957e-06
1.476861247746340533e+00 3.124958339659305361e-06 2.684690076529472141e-06
1.533663603428892186e+00 2.633367958080616446e-06 2.272509143433629703e-06
1.590465959111443617e+00 2.186581526562941974e-06 1.892059511925412548e-06
1.647268314793995270e+00 1.982376206199742805e-06 1.726567884973730318e-06
1.704070670476546923e+00 1.696623133708523940e-06 1.516134590490396169e-06
1.760873026159098353e+00 1.540373361540139078e-06 1.411412021150425888e-06
1.817675381841650006e+00 1.441702380345609616e-06 1.338100852097845505e-06
1.874477737524201437e+00 1.366873274043943038e-06 1.284000507994834422e-06
1.931280093206753090e+00 1.278943150950620187e-06 1.202050942571263606e-06
1.988082448889304743e+00 1.207496458352635217e-06 1.130643975239999782e-06
2.044884804571856396e+00 1.153687546052260657e-06 1.078495073932833729e-06
2.101687160254408049e+00 1.129685376642590807e-06 1.056507321830724120e-06
2.158489515936959258e+00 1.104990465597015545e-06 1.034185769816153649e-06
2.215291871619510911e+00 1.035820023813733962e-06 9.709370476851142541e-07
2.272094227302062119e+00 1.018884177873336484e-06 9.566959011518536753e-07
2.328896582984614216e+00 1.136319799868980589e-06 1.071208522483126424e-06
2.385698938667165869e+00 1.149998590743641109e-06 1.088399375393047416e-06
2.442501294349717078e+00 1.095645292796935728e-06 1.035466471682318395e-06
2.499303650032268731e+00 1.092489887993876456e-06 1.030044725430592181e-06
2.556106005714820384e+00 1.080523789498541223e-06 1.017153792607012044e-06
2.612908361397371593e+00 1.071127625356078408e-06 1.007170809437377488e-06
2.669710717079923690e+00 9.985980468010199612e-07 9.379111267420447691e-07
2.726513072762474899e+00 9.511853107914797256e-07 8.923692999576789960e-07
2.783315428445026551e+00 9.385235639106385803e-07 8.794934726856823204e-07
2.840117784127578204e+00 9.311309706754354793e-07 8.717418716099823135e-07
2.896920139810129413e+00 9.346862229189233009e-07 8.759177754927387059e-07
2.953722495492681510e+00 9.284918380480675530e-07 8.709546585199200027e-07
3.010524851175232719e+00 9.020824026748884493e-07 8.469996264463253974e-07
3.067327206857784372e+00 8.576976879891692427e-07 8.061027341141737579e-07
3.124129562540336025e+00 8.146032804647687138e-07 7.663392193721035236e-07
3.180931918222887234e+00 8.020362048955651242e-07 7.548479016212483433e-07
3.237734273905438886e+00 8.531134736864239523e-07 8.029200072593531420e-07
3.294536629587990983e+00 8.389527150047821695e-07 7.895924056985308206e-07
3.351338985270542192e+00 7.973366519338715518e-07 7.504248498063315115e-07
3.408141340953093845e+00 7.653966065668345358e-07 7.203640170461261715e-07
3.464943696635645054e+00 7.428793598157131593e-07 6.991715866338544108e-07
3.521746052318196707e+00 7.729997409969312659e-07 7.275198162921840283e-07
3.578548408000748804e+00 7.759440109469366052e-07 7.302908582725862127e-07
3.635350763683300013e+00 7.545533486135608210e-07 7.101587289770765319e-07
3.692153119365851666e+00 7.607197079666558050e-07 7.159622867091522831e-07
3.748955475048402874e+00 7.582939851073028739e-07 7.136792827760122637e-07
3.805757830730954527e+00 7.840288468221606283e-07 7.379000177570507501e-07
3.862560186413506624e+00 8.024819602760068896e-07 7.552674307042361169e-07
3.919362542096057833e+00 8.222750810067091086e-07 7.738960107594869505e-07
3.976164897778609486e+00 8.259437686283303700e-07 7.773488488433303670e-07
4.032967253461161583e+00 7.909539240701660574e-07 7.444176537407063848e-07
4.089769609143712792e+00 7.663444093337575812e-07 7.212560552426510348e-07
4.146571964826264001e+00 7.773188375297763248e-07 7.315847960709238923e-07
4.203374320508816098e+00 7.679749811286961513e-07 7.227906913230913947e-07
4.260176676191366418e+00 7.722233830282478129e-07 7.267891358316380678e-07
4.316979031873918515e+00 7.722817547900404288e-07 7.268440732542059896e-07
4.373781387556469724e+00 7.424377616029705155e-07 6.987559701289961669e-07
4.430583743239021821e+00 7.492634010606994160e-07 7.051800188071486850e-07
4.487386098921573030e+00 7.262633879659328653e-07 6.835332259119247030e-07
4.544188454604124239e+00 7.168711914295422317e-07 6.746936251509690472e-07
4.600990810286676336e+00 7.510039089139779612e-07 7.068181227889679280e-07
4.657793165969228433e+00 7.410844304701581761e-07 6.974822630823982263e-07
4.714595521651779642e+00 7.025110808557695715e-07 6.611784006916531322e-07
4.771397877334331739e+00 7.165820824587901651e-07 6.744215260878843303e-07
4.828200233016882947e+00 7.640110493676013576e-07 7.190599799739424226e-07
4.885002588699434156e+00 7.817831228477768001e-07 7.357864223615599217e-07
4.941804944381985365e+00 7.456258015554956436e-07 7.017564397508901070e-07
4.998607300064537462e+00 7.379441738463395441e-07 6.945267654270893418e-07
5.055409655747088671e+00 7.244299182719798469e-07 6.818076295576469108e-07
5.112212011429640768e+00 6.963845838754956841e-07 6.554123600046858409e-07
5.169014367112191088e+00 7.276004917586478234e-07 6.847916603641600237e-07
5.225816722794744074e+00 7.527281428278495844e-07 7.084409103188147593e-07
5.282619078477295282e+00 7.879319064458849403e-07 7.415734384192197069e-07
5.339421434159847379e+00 7.782860471002409728e-07 7.324950992595290792e-07
5.396223789842398588e+00 7.640508088804287916e-07 7.190974002108894114e-07
5.453026145524949797e+00 7.783073286096879969e-07 7.325151286580167042e-07
5.509828501207501006e+00 7.655866811409008529e-07 7.205429084633835940e-07
5.566630856890053103e+00 7.491677456116003018e-07 7.050899913064070117e-07
5.623433212572604312e+00 7.601800445578350102e-07 7.154543747355485375e-07
5.680235568255156409e+00 7.586035456308256419e-07 7.139706301119300463e-07
5.737037923937706729e+00 7.167847635818697692e-07 6.746122823399350177e-07
5.793840279620258826e+00 7.579431340614286914e-07 7.133490742715292701e-07
5.850642635302810923e+00 8.573903601804113595e-07 8.069452604533520650e-07
5.907444990985363020e+00 8.776940576217236847e-07 8.260543771181327313e-07
5.964247346667914229e+00 7.931147416263457972e-07 7.464513382403743451e-07
6.021049702350465438e+00 7.599510125168056026e-07 7.152388179383368928e-07
6.077852058033016647e+00 7.639468142686297148e-07 7.189995241873168761e-07
6.134654413715568744e+00 7.474134121039364313e-07 7.034388751112517423e-07
6.191456769398119953e+00 7.981359981505250209e-07 7.511771659868564544e-07
6.248259125080672050e+00 8.167978258868691251e-07 7.687410133807915582e-07
6.305061480763222370e+00 7.592759701748531694e-07 7.146034921360625762e-07
6.361863836445774467e+00 7.265254627500452238e-07 6.837798813617005295e-07
6.418666192128325676e+00 7.616934208344179846e-07 7.168787105694785974e-07
6.475468547810878661e+00 7.746368081426078120e-07 7.290605655653268650e-07
6.532270903493429870e+00 7.675545142153087115e-07 7.223949628443339816e-07
6.589073259175981967e+00 8.219007988669342550e-07 7.735437497442125417e-07
6.645875614858532288e+00 8.908801063349076768e-07 8.384646163829780798e-07
6.702677970541084385e+00 9.685038578264564380e-07 9.115213257580799172e-07
6.759480326223635593e+00 1.029243855235741106e-06 9.686876473144100687e-07
6.816282681906187690e+00 9.755703723414187775e-07 9.181720774583600069e-07
6.873085037588738899e+00 8.945593573073288929e-07 8.419273963162502324e-07
6.929887393271290108e+00 8.541476291614365229e-07 8.038933175482135366e-07
6.986689748953841317e+00 8.387963376954076644e-07 7.894452289462569998e-07
7.043492104636394302e+00 8.379537840436165035e-07 7.886522474671469913e-07
7.100294460318945511e+00 8.010669961759196056e-07 7.539357169046585683e-07
7.157096816001497608e+00 7.870289689948752317e-07 7.407236258596000564e-07
7.213899171684047928e+00 8.136298433813820638e-07 7.657594211134560532e-07
7.270701527366600025e+00 7.902631231522289035e-07 7.437674965281516363e-07
7.327503883049151234e+00 7.716114796815998725e-07 7.262132342022691065e-07
7.384306238731703331e+00 8.727068034910246098e-07 8.213605512129789481e-07
7.441108594414254540e+00 9.138883949068415041e-07 8.601191978624786996e-07
7.497910950096805749e+00 9.271891226128861714e-07 8.726373689096956429e-07
7.554713305779356958e+00 9.504135189907873042e-07 8.944953433568236575e-07
7.611515661461909055e+00 9.228429189541775535e-07 8.685468768698481258e-07
7.668318017144461152e+00 8.753116887366858918e-07 8.238121764010308939e-07
7.725120372827013249e+00 7.801304883588212701e-07 7.342310216595462034e-07
7.781922728509563569e+00 7.759235683121997228e-07 7.302716183930888069e-07
7.838725084192115666e+00 8.081190866559874512e-07 7.605728932171861294e-07
7.895527439874666875e+00 7.838612156668086282e-07 7.377422492858876945e-07
7.952329795557218972e+00 8.225438849287904859e-07 7.741489994341779736e-07
8.009132151239770181e+00 8.933988411353909347e-07 8.408351598413407991e-07
8.065934506922323166e+00 9.182840591803383385e-07 8.642562404708140559e-07
8.122736862604874375e+00 9.097876399463241687e-07 8.562597133926815463e-07
8.179539218287425584e+00 9.138217737938931035e-07 8.600564964445055081e-07
8.236341573969976793e+00 9.035481517925797175e-07 8.503873294388201676e-07
8.293143929652528001e+00 8.814351473364006786e-07 8.295753574724653827e-07
8.349946285335079210e+00 8.481536485710737219e-07 7.982519965662224459e-07
8.406748641017632195e+00 8.504767457566247542e-07 8.004384128714610560e-07
8.463550996700183404e+00 9.061574159203681093e-07 8.528430758747221265e-07
8.520353352382732837e+00 1.022848677126782881e-06 9.626687335215223018e-07
8.577155708065285822e+00 1.268015162477823059e-06 1.193410694901166949e-06
8.633958063747837031e+00 1.881105746873087219e-06 1.770429710139725720e-06
8.690760419430390016e+00 2.726205630384285859e-06 2.565807611829157416e-06
8.747562775112939448e+00 2.459937471275106588e-06 2.315205506905118384e-06
8.804365130795490657e+00 1.283080858440132998e-06 1.207589991190034697e-06
8.861167486478043642e+00 1.150513746548159416e-06 1.082822548492512690e-06
8.917969842160594851e+00 1.008020138180932081e-06 9.487126409672690864e-07
8.974772197843146060e+00 7.494001741310913416e-07 7.053087447481392076e-07
9.031574553525697269e+00 8.198564871170244830e-07 7.716197163586124671e-07
9.088376909208248478e+00 9.199035877693680335e-07 8.657804830792931557e-07
9.145179264890803239e+00 9.075161618475785026e-07 8.541218791328926546e-07
9.201981620573352671e+00 8.406524308577548762e-07 7.911921177029731132e-07
9.258783976255905657e+00 8.302730827245544107e-07 7.814234450286977624e-07
9.315586331938456865e+00 9.185923410931446568e-07 8.645463844238790645e-07
9.372388687621009851e+00 1.130611083575431722e-06 1.064090871181767478e-06
9.429191043303559283e+00 1.212952630344844242e-06 1.141587801389840043e-06
9.485993398986110492e+00 1.072605465683932870e-06 1.009498050208874884e-06
9.542795754668663477e+00 9.546949396343928470e-07 8.985248639309034365e-07
9.599598110351214686e+00 9.317369212918004202e-07 8.769175950002638551e-07
9.656400466033765895e+00 8.926395186498257072e-07 8.401205125705765200e-07
9.713202821716317104e+00 8.676004764374098186e-07 8.165546581150297199e-07
9.770005177398868312e+00 8.662759681069949095e-07 8.153080780631681462e-07
9.826807533081421298e+00 8.696729896473238282e-07 8.185052337100424221e-07
9.883609888763970730e+00 8.575801890948377041e-07 8.071239206645084869e-07
9.940412244446523715e+00 8.452146473613202787e-07 7.954859133364340576e-07
9.997214600129074924e+00 9.078191775053517325e-07 8.544070666743432946e-07
