# ERS 1386 - Direct Observations of Exoplanetary Systems with JWST
# HIP 65426, F356W/ADI Contrast Curve
# Star Apparent Magnitude = 6.767(vegamag) / 0.534(Jy)
# Separation(") /// Contrast /// Uncalibrated Contrast
5.680235568255156270e-02 2.705596405909821978e-01 1.613816116375314238e-03
1.136047113651031254e-01 6.943081705899862253e-03 8.282031917970963648e-05
1.704070670476546812e-01 3.407740792565332622e-03 5.475400830930030787e-05
2.272094227302062508e-01 3.030288421614133268e-03 4.361965158753383740e-05
2.840117784127578759e-01 1.652678000886318018e-03 3.283497581239186604e-05
3.408141340953094178e-01 6.116029955207603810e-04 2.256366845087881380e-05
3.976164897778609042e-01 3.395797991550355589e-04 2.319284153951980899e-05
4.544188454604125016e-01 1.700827057081223128e-04 2.077935314780103316e-05
5.112212011429640990e-01 8.067013044549823297e-05 1.541900146752561064e-05
5.680235568255157519e-01 6.224459006841597225e-05 1.665664007688242115e-05
6.248259125080672938e-01 4.280546064374049909e-05 1.589555211672902713e-05
6.816282681906187246e-01 3.100948636490221061e-05 1.448418951594252610e-05
7.384306238731703775e-01 2.318242438325768457e-05 1.301371605370839834e-05
7.952329795557219194e-01 1.657216847742092140e-05 1.073588493792177416e-05
8.520353352382734613e-01 1.283754705175490796e-05 9.304111505800198071e-06
9.088376909208250032e-01 1.015806881045891603e-05 8.030950149625090161e-06
9.656400466033766561e-01 8.448293503847315760e-06 7.125569862755067359e-06
1.022442402285928198e+00 8.951192494614858714e-06 7.874820868766971678e-06
1.079244757968479629e+00 9.400030408724185195e-06 8.411345394591694406e-06
1.136047113651031060e+00 9.314092566272193861e-06 8.405441049738457046e-06
1.192849469333582935e+00 8.867291516515654105e-06 8.021918197380890447e-06
1.249651825016134365e+00 8.360502177677670824e-06 7.501432298185468805e-06
1.306454180698685796e+00 8.175891649743248995e-06 7.225579606908950037e-06
1.363256536381237449e+00 7.255207579255355949e-06 6.305538469746582165e-06
1.420058892063789102e+00 5.488871700743923118e-06 4.757789386466976714e-06
1.476861247746340533e+00 4.392925496700076182e-06 3.833983325395071011e-06
1.533663603428892186e+00 3.197632161682570678e-06 2.802668854939441874e-06
1.590465959111443617e+00 3.065109084269187932e-06 2.686792609566800171e-06
1.647268314793995270e+00 2.811818430200403824e-06 2.471351340813567788e-06
1.704070670476546923e+00 2.452142207277022230e-06 2.189289081561431265e-06
1.760873026159098353e+00 2.279434236508200959e-06 2.066757964708935487e-06
1.817675381841650006e+00 2.071827670719111076e-06 1.897510401280908711e-06
1.874477737524201437e+00 1.883584057100386039e-06 1.741850008246288090e-06
1.931280093206753090e+00 1.670556214814982838e-06 1.551728949119177732e-06
1.988082448889304743e+00 1.489316192729288540e-06 1.386838434558961998e-06
2.044884804571856396e+00 1.416380120255292335e-06 1.318900410316020571e-06
2.101687160254408049e+00 1.454206485835331086e-06 1.350818632722717398e-06
2.158489515936959258e+00 1.335857013481304889e-06 1.240912565310440327e-06
2.215291871619510911e+00 1.239290675682255276e-06 1.158188494028239615e-06
2.272094227302062119e+00 1.267386466939361405e-06 1.191175819394753330e-06
2.328896582984614216e+00 1.382718756269875043e-06 1.301199751644173190e-06
2.385698938667165869e+00 1.352793906086656248e-06 1.274630750190264981e-06
2.442501294349717078e+00 1.268779057627792846e-06 1.191325443387280405e-06
2.499303650032268731e+00 1.327135953940802930e-06 1.240775255801889443e-06
2.556106005714820384e+00 1.295059228529004061e-06 1.208967342108748124e-06
2.612908361397371593e+00 1.304743256710956232e-06 1.218137214392949311e-06
2.669710717079923690e+00 1.301132609622060089e-06 1.214895486586147795e-06
2.726513072762474899e+00 1.204883963387229426e-06 1.125145747788329611e-06
2.783315428445026551e+00 1.154886101047282893e-06 1.078571426707562236e-06
2.840117784127578204e+00 1.135314555470327034e-06 1.060519099409266399e-06
2.896920139810129413e+00 1.157055801865223166e-06 1.082222899288253723e-06
2.953722495492681510e+00 1.108708399629208203e-06 1.038338978224986368e-06
3.010524851175232719e+00 1.054237802248444838e-06 9.885965476640492859e-07
3.067327206857784372e+00 1.075688971443972788e-06 1.010008870514805297e-06
3.124129562540336025e+00 1.070045930535667536e-06 1.006000376198412461e-06
3.180931918222887234e+00 1.068692955657201424e-06 1.005315159782953813e-06
3.237734273905438886e+00 1.113101466019427341e-06 1.047090066648574043e-06
3.294536629587990983e+00 1.089122626308083880e-06 1.024533268694390277e-06
3.351338985270542192e+00 1.029034348145695484e-06 9.680084674012479723e-07
3.408141340953093845e+00 9.792831488613437301e-07 9.212077145814784775e-07
3.464943696635645054e+00 9.330551169843258013e-07 8.777211911540676498e-07
3.521746052318196707e+00 9.787934554418146398e-07 9.207470619537123685e-07
3.578548408000748804e+00 9.976443455976372420e-07 9.384800184111615808e-07
3.635350763683300013e+00 9.603021859600518400e-07 9.033523992161665334e-07
3.692153119365851666e+00 9.362659739426814518e-07 8.807416313647402463e-07
3.748955475048402874e+00 9.613647695620459745e-07 9.043519673315608926e-07
3.805757830730954527e+00 9.762241706053116363e-07 9.183301460544693456e-07
3.862560186413506624e+00 9.804393330208732467e-07 9.222953323644189330e-07
3.919362542096057833e+00 1.011717897848668572e-06 9.517189523398114717e-07
3.976164897778609486e+00 1.013925461218120592e-06 9.537955983116443827e-07
4.032967253461161583e+00 1.001086390032393088e-06 9.417179357498966563e-07
4.089769609143712792e+00 9.888880209262338369e-07 9.302429790543052448e-07
4.146571964826264001e+00 9.429102322930969697e-07 8.869918584386892097e-07
4.203374320508816098e+00 9.116895806525532213e-07 8.576227171653290607e-07
4.260176676191366418e+00 9.896661812642550732e-07 9.309749913506467359e-07
4.316979031873918515e+00 9.862478887913331679e-07 9.277594173867601077e-07
4.373781387556469724e+00 9.203446878170762536e-07 8.657645416210636678e-07
4.430583743239021821e+00 9.016548190339180461e-07 8.481830573204502860e-07
4.487386098921573030e+00 8.855345985962143873e-07 8.330188308704868876e-07
4.544188454604124239e+00 8.745688060439691482e-07 8.227033539756029816e-07
4.600990810286676336e+00 9.390010764435037145e-07 8.833145312730642166e-07
4.657793165969228433e+00 9.732501639682569332e-07 9.155325099872533643e-07
4.714595521651779642e+00 8.975675518748913513e-07 8.443381815632917542e-07
4.771397877334331739e+00 9.019253175426795401e-07 8.484375141783505435e-07
4.828200233016882947e+00 9.243940228476612465e-07 8.695737347777490565e-07
4.885002588699434156e+00 9.298931064054279409e-07 8.747467005358477213e-07
4.941804944381985365e+00 9.188056038836897717e-07 8.643167315627852602e-07
4.998607300064537462e+00 9.326141112470160044e-07 8.773063388329011186e-07
5.055409655747088671e+00 9.195561854210331202e-07 8.650228005923882597e-07
5.112212011429640768e+00 8.556573108814519819e-07 8.049133866324113949e-07
5.169014367112191088e+00 8.691612760912660053e-07 8.176165123251030887e-07
5.225816722794744074e+00 8.755307874942837486e-07 8.236082860520350644e-07
5.282619078477295282e+00 9.369526290768311723e-07 8.813875650842893482e-07
5.339421434159847379e+00 9.638003781386695464e-07 9.066431345114468686e-07
5.396223789842398588e+00 9.537715343891520849e-07 8.972090415822160774e-07
5.453026145524949797e+00 9.618783408813909807e-07 9.048350818035279503e-07
5.509828501207501006e+00 9.278614192805276348e-07 8.728355006390148448e-07
5.566630856890053103e+00 8.932786699875750940e-07 8.403036476431293743e-07
5.623433212572604312e+00 8.873042000220685433e-07 8.346834878056407270e-07
5.680235568255156409e+00 8.927026195292037565e-07 8.397617592966823674e-07
5.737037923937706729e+00 8.664773089760381192e-07 8.150917152680866184e-07
5.793840279620258826e+00 9.290902526498916711e-07 8.739914592410897750e-07
5.850642635302810923e+00 1.065680385020887533e-06 1.002481246716931103e-06
5.907444990985363020e+00 1.093886215313443580e-06 1.029014357688860665e-06
5.964247346667914229e+00 9.876256255658639290e-07 9.290554488224446270e-07
6.021049702350465438e+00 9.350699695442459471e-07 8.796165548434162533e-07
6.077852058033016647e+00 9.738497578135747956e-07 9.160965455029922694e-07
6.134654413715568744e+00 9.749740492873781338e-07 9.171541619649012181e-07
6.191456769398119953e+00 9.845795189750601685e-07 9.261899886190817897e-07
6.248259125080672050e+00 1.000762789467118793e-06 9.414135260012757801e-07
6.305061480763222370e+00 9.616303183672551732e-07 9.046017680232617961e-07
6.361863836445774467e+00 9.197560516381907210e-07 8.652108139380114203e-07
6.418666192128325676e+00 9.677268190421560348e-07 9.103367216576626395e-07
6.475468547810878661e+00 9.940229317675823100e-07 9.350733690045852143e-07
6.532270903493429870e+00 9.853735191172569896e-07 9.269369013554246551e-07
6.589073259175981967e+00 1.341470961862674892e-06 1.261916331749220115e-06
6.645875614858532288e+00 1.889227929563227188e-06 1.777189105459484752e-06
6.702677970541084385e+00 2.219992538287186266e-06 2.088338040904077130e-06
6.759480326223635593e+00 2.027351771716617320e-06 1.907121647551407635e-06
6.816282681906187690e+00 1.525561722997856173e-06 1.435089769419510091e-06
6.873085037588738899e+00 1.202187934956273692e-06 1.130893349228152092e-06
6.929887393271290108e+00 1.041282658079154459e-06 9.795304032319696769e-07
6.986689748953841317e+00 1.007624128834429267e-06 9.478679603136371247e-07
7.043492104636394302e+00 9.789757764052947557e-07 9.209185705498556376e-07
7.100294460318945511e+00 9.178822237702626734e-07 8.634481116085164062e-07
7.157096816001497608e+00 9.409751975678058828e-07 8.851715790649515865e-07
7.213899171684047928e+00 9.992640479342326917e-07 9.400036658766900656e-07
7.270701527366600025e+00 1.026567546477742946e-06 9.656879570059628613e-07
7.327503883049151234e+00 1.061955696691348681e-06 9.989774474045744009e-07
7.384306238731703331e+00 1.226245111996893258e-06 1.153523838792523116e-06
7.441108594414254540e+00 1.460714029646886274e-06 1.374087805424532936e-06
7.497910950096805749e+00 1.701781046575148942e-06 1.600858577477205845e-06
7.554713305779356958e+00 2.030615931928874929e-06 1.910192229918374740e-06
7.611515661461909055e+00 2.210692057074292997e-06 2.079589115679948043e-06
7.668318017144461152e+00 1.848039566978273804e-06 1.738443378640478212e-06
7.725120372827013249e+00 1.261368642144714807e-06 1.186564402160870865e-06
7.781922728509563569e+00 1.132520324316559284e-06 1.065357308449357259e-06
7.838725084192115666e+00 1.169263705988031874e-06 1.099921659622895907e-06
7.895527439874666875e+00 1.195783558656115871e-06 1.124868778232880540e-06
7.952329795557218972e+00 1.383347160470587501e-06 1.301309103145123451e-06
8.009132151239770181e+00 1.582704199052384742e-06 1.488843466532470913e-06
8.065934506922323166e+00 1.915203701142105529e-06 1.801624409179856608e-06
8.122736862604874375e+00 2.083075515937395506e-06 1.959540749341562171e-06
8.179539218287425584e+00 1.755981602983741490e-06 1.651844822626282366e-06
8.236341573969976793e+00 1.514743021030916461e-06 1.424912660045892331e-06
8.293143929652528001e+00 1.624333119566561306e-06 1.528003624421380298e-06
8.349946285335079210e+00 1.626984468370546669e-06 1.530497737564364232e-06
8.406748641017632195e+00 1.778977684579791487e-06 1.673477143978955721e-06
8.463550996700183404e+00 2.057264436125748749e-06 1.935260370503414919e-06
8.520353352382732837e+00 2.544667168427657067e-06 2.393758158019396106e-06
8.577155708065285822e+00 3.664090760490272980e-06 3.446795423177730588e-06
8.633958063747837031e+00 5.971258115852012343e-06 5.617138463452708036e-06
8.690760419430390016e+00 8.949906210778629887e-06 8.419140731397725214e-06
8.747562775112939448e+00 8.093390762305046672e-06 7.613420098188098577e-06
8.804365130795490657e+00 3.889726901132505882e-06 3.659050432047945047e-06
8.861167486478043642e+00 3.309862770531172359e-06 3.113574579491777100e-06
8.917969842160594851e+00 2.738551940868037317e-06 2.576144782684211848e-06
8.974772197843146060e+00 1.415721958045358068e-06 1.331763944851089780e-06
9.031574553525697269e+00 1.685938901508541222e-06 1.585955935409028895e-06
9.088376909208248478e+00 2.159665559471887083e-06 2.031588694867984330e-06
9.145179264890803239e+00 2.084173078188133908e-06 1.960573221730972146e-06
9.201981620573352671e+00 1.658540000312492822e-06 1.560181899388697694e-06
9.258783976255905657e+00 1.696720684095368983e-06 1.596098314870448833e-06
9.315586331938456865e+00 2.310362161339126370e-06 2.173348381392489305e-06
9.372388687621009851e+00 3.209972488458428117e-06 3.019608193401985566e-06
9.429191043303559283e+00 3.387642034421895450e-06 3.186741219818341018e-06
9.485993398986110492e+00 2.601095983676358248e-06 2.446840517286211938e-06
9.542795754668663477e+00 1.951581397577268036e-06 1.835844761724205036e-06
9.599598110351214686e+00 1.816166428906238488e-06 1.708460446008562779e-06
9.656400466033765895e+00 1.593749873728602974e-06 1.499234088219692783e-06
9.713202821716317104e+00 1.379221615658128950e-06 1.297428219753524788e-06
9.770005177398868312e+00 1.263640091000805016e-06 1.188701144952718801e-06
9.826807533081421298e+00 1.197335279220930466e-06 1.126328475519456059e-06
9.883609888763970730e+00 1.218761732709555449e-06 1.146484254032333583e-06
9.940412244446523715e+00 1.231148138949565099e-06 1.158136096502516529e-06
9.997214600129074924e+00 1.487766836123792540e-06 1.399536271536283105e-06
