# ERS 1386 - Direct Observations of Exoplanetary Systems with JWST
# HIP 65426, F410M/ADI Contrast Curve
# Star Apparent Magnitude = 6.765(vegamag) / 0.412(Jy)
# Separation(") /// Contrast /// Uncalibrated Contrast
6.480449555894482461e-02 2.059197542432415418e+01 1.877398401933931538e-02
1.296089911178896492e-01 8.752898228654198975e-02 2.039790051920454899e-04
1.944134866768344461e-01 4.704395748101102004e-03 5.691019077639608001e-05
2.592179822357792984e-01 2.127173669602670618e-03 4.111282156386643935e-05
3.240224777947241508e-01 9.064961973312015255e-04 2.926737391677183947e-05
3.888269733536689476e-01 2.942352485691899751e-04 1.944579256505964409e-05
4.536314689126136890e-01 1.831919686065140349e-04 2.260246809770242305e-05
5.184359644715585969e-01 1.055556846979372517e-04 2.135547893379239641e-05
5.832404600305034492e-01 5.799586692949647526e-05 1.788743381893349776e-05
6.480449555894483016e-01 5.063257841433179741e-05 2.128421807108425297e-05
7.128494511483930429e-01 4.500353746671467779e-05 2.434932067670275189e-05
7.776539467073377843e-01 3.190398496655116065e-05 2.130351876106691901e-05
8.424584422662826366e-01 2.188056602176580807e-05 1.683886638420586360e-05
9.072629378252274890e-01 1.785337288854615492e-05 1.539179138263808690e-05
9.720674333841722303e-01 1.248354429678255400e-05 1.170918516518431514e-05
1.036871928943117194e+00 1.023443795869513331e-05 1.013371066645896862e-05
1.101676424502062046e+00 1.175521940529842379e-05 1.187494131187910420e-05
1.166480920061006898e+00 1.213516670637269832e-05 1.236777842112073942e-05
1.231285415619951751e+00 1.286190928875568581e-05 1.275822691057664275e-05
1.296089911178896603e+00 1.465740231546041120e-05 1.404938180212769144e-05
1.360894406737841233e+00 1.390166056900465681e-05 1.307501682281802334e-05
1.425698902296785864e+00 1.194640206037035578e-05 1.132475866409083958e-05
1.490503397855730716e+00 1.061896438752883314e-05 1.031590291005755119e-05
1.555307893414675569e+00 8.370784221198345268e-06 8.162171748552580550e-06
1.620112388973620421e+00 7.168793015524598471e-06 6.945339958444099076e-06
1.684916884532565273e+00 6.186366352285531090e-06 6.052192178129730347e-06
1.749721380091510126e+00 5.769857672895243731e-06 5.734028216272526433e-06
1.814525875650454978e+00 5.096937459932236732e-06 5.115109102012143634e-06
1.879330371209399608e+00 4.429004286511437598e-06 4.480948723471197208e-06
1.944134866768344461e+00 4.145932744243704683e-06 4.246708253660995405e-06
2.008939362327289313e+00 3.946182220481885404e-06 4.095175216418722344e-06
2.073743857886234387e+00 3.725158758075044612e-06 3.896888569678308484e-06
2.138548353445179018e+00 3.399919062913580255e-06 3.582900987998230355e-06
2.203352849004124092e+00 3.160825867840291628e-06 3.316644954037828865e-06
2.268157344563068722e+00 3.090451579384329870e-06 3.226729771538435186e-06
2.332961840122013797e+00 2.927314381865637056e-06 3.054215167895919434e-06
2.397766335680958427e+00 2.807274650749927340e-06 2.927692169152419992e-06
2.462570831239903502e+00 2.907590766392463906e-06 3.044659540700160425e-06
2.527375326798848132e+00 2.927185931238781134e-06 3.076273560825879041e-06
2.592179822357793206e+00 2.713166614361702485e-06 2.851992955950856246e-06
2.656984317916737837e+00 2.664821408810426759e-06 2.801801809334264300e-06
2.721788813475682023e+00 2.774075962848384480e-06 2.917325906192822137e-06
2.786593309034627097e+00 2.729794347286716027e-06 2.871400716571614467e-06
2.851397804593571728e+00 2.928892916002301978e-06 3.082680820075322858e-06
2.916202300152516802e+00 3.216339535907267969e-06 3.391027350135217925e-06
2.981006795711461432e+00 3.368564761736401757e-06 3.557602058375353003e-06
3.045811291270406507e+00 3.224243712398139939e-06 3.411003162284714739e-06
3.110615786829351137e+00 3.415610877034031589e-06 3.619621652032076098e-06
3.175420282388296211e+00 4.426650261468778735e-06 4.695906407818378944e-06
3.240224777947240842e+00 4.208431956131808173e-06 4.464414720468509184e-06
3.305029273506185916e+00 3.349159325948418338e-06 3.552875833996307476e-06
3.369833769065130546e+00 3.097466783170156093e-06 3.285873799812478336e-06
3.434638264624075621e+00 2.606874749444539584e-06 2.765440935520106787e-06
3.499442760183020251e+00 2.648793044136245376e-06 2.809908959199548233e-06
3.564247255741964882e+00 2.683347407844896221e-06 2.846565132236290563e-06
3.629051751300909956e+00 2.680606843411675115e-06 2.843657869786617832e-06
3.693856246859854142e+00 2.610742810222523092e-06 2.769544275589971688e-06
3.758660742418799217e+00 2.552462973768630690e-06 2.707719500356964607e-06
3.823465237977743847e+00 2.602391842311861553e-06 2.760685350351512002e-06
3.888269733536688921e+00 2.575736622414039693e-06 2.732408795727461240e-06
3.953074229095633552e+00 2.788527782514402524e-06 2.958143225424838364e-06
4.017878724654578626e+00 2.720542955603271800e-06 2.886023142411893772e-06
4.082683220213523256e+00 2.447397582973944716e-06 2.596263385071045397e-06
4.147487715772468775e+00 2.380903658694824806e-06 2.525724890575276499e-06
4.212292211331412517e+00 2.369487916516390812e-06 2.513614772612642592e-06
4.277096706890357147e+00 2.478933722182006024e-06 2.629717746594480964e-06
4.341901202449301778e+00 2.381338599188594335e-06 2.526186286830022479e-06
4.406705698008247296e+00 2.494260342172146230e-06 2.645976626056536349e-06
4.471510193567191926e+00 2.864479526672616911e-06 3.038714822684749057e-06
4.536314689126136557e+00 2.864758934221708739e-06 3.039011225522713346e-06
4.601119184685081187e+00 2.610880431568795454e-06 2.769690267914560409e-06
4.665923680244026706e+00 2.526278878079888859e-06 2.679942726619503106e-06
4.730728175802971336e+00 2.460922821553420946e-06 2.610611312004753545e-06
4.795532671361915966e+00 2.393152385606198804e-06 2.538718660535240405e-06
4.860337166920860597e+00 2.412125891532521313e-06 2.558846252008580473e-06
4.925141662479806115e+00 2.403431874936762050e-06 2.549623411750095977e-06
4.989946158038750745e+00 2.428105942911615238e-06 2.575798308583173052e-06
5.054750653597695376e+00 2.497945770759543396e-06 2.649886225120586295e-06
5.119555149156640006e+00 2.493921943817970441e-06 2.645617644229216194e-06
5.184359644715585524e+00 2.526938673703792792e-06 2.680642655078977402e-06
5.249164140274530155e+00 2.551757528871829367e-06 2.706971145954520075e-06
5.313968635833474785e+00 2.553568855868473671e-06 2.708892649020672190e-06
5.378773131392418527e+00 2.689238182541357214e-06 2.852814220149314063e-06
5.443577626951364046e+00 2.536095326802196043e-06 2.690356272243007705e-06
5.508382122510308676e+00 2.319734382216763349e-06 2.460834921770821320e-06
5.573186618069254195e+00 2.320305162224303989e-06 2.461440420135622189e-06
5.637991113628197937e+00 2.340647763381931203e-06 2.483020383648732074e-06
5.702795609187143455e+00 2.371148345125949967e-06 2.515376198721957033e-06
5.767600104746088086e+00 2.345336134453360635e-06 2.487993930338921965e-06
5.832404600305033604e+00 2.370234470880625935e-06 2.514406737013650991e-06
5.897209095863977346e+00 2.427143333757919133e-06 2.574777147609058305e-06
5.962013591422922865e+00 2.396360220912810723e-06 2.542121616152191744e-06
6.026818086981867495e+00 2.312230516085145253e-06 2.452874624261529163e-06
6.091622582540813013e+00 2.327815971334470433e-06 2.469408082938201127e-06
6.156427078099756756e+00 2.463758180982501411e-06 2.613619135466070045e-06
6.221231573658702274e+00 2.554791489505320398e-06 2.710189650769298879e-06
6.286036069217646016e+00 2.559266651885545889e-06 2.714937020101873156e-06
6.350840564776591535e+00 2.471748460157211446e-06 2.622095432657058923e-06
6.415645060335536165e+00 2.427990259767880906e-06 2.575675588877785884e-06
6.480449555894480795e+00 2.444622385685981549e-06 2.593319383182994185e-06
6.545254051453425426e+00 2.448803976182648872e-06 2.597755323781034010e-06
6.610058547012370944e+00 2.521682272243283104e-06 2.675066526891185316e-06
6.674863042571315574e+00 2.870505694129030213e-06 3.045107538779688214e-06
6.739667538130260205e+00 2.900111197312100137e-06 3.076513831098326534e-06
6.804472033689204835e+00 2.664350824760539213e-06 2.826413059909960925e-06
6.869276529248150354e+00 2.665713176193549244e-06 2.827858277952067800e-06
6.934081024807094984e+00 2.634753485595239163e-06 2.795015428194960285e-06
6.998885520366039614e+00 2.576186741715052163e-06 2.732886294058040139e-06
7.063690015924984245e+00 2.557086594855280417e-06 2.712624358569304535e-06
7.128494511483928875e+00 2.508038946407683726e-06 2.660593329906771040e-06
7.193299007042874393e+00 2.584132410067359871e-06 2.741315266921512149e-06
7.258103502601819024e+00 2.811176614190467590e-06 2.982169698607733002e-06
7.322907998160762766e+00 2.809414769261894802e-06 2.980300687413945983e-06
7.387712493719708284e+00 3.022603953251447997e-06 3.206457351266115418e-06
7.452516989278652915e+00 3.218470246747528638e-06 3.414237439679673034e-06
7.517321484837598433e+00 3.169765454089701597e-06 3.362570121408753678e-06
7.582125980396542175e+00 2.972986594248242515e-06 3.153821958741369838e-06
7.646930475955487694e+00 2.646779813880931786e-06 2.807773271874387197e-06
7.711734971514432324e+00 2.646383680356535933e-06 2.807353043068024398e-06
7.776539467073377843e+00 2.711074243449898614e-06 2.875978484838232230e-06
7.841343962632322473e+00 2.849019664385679012e-06 3.022314596308352880e-06
7.906148458191267103e+00 3.036446150102569091e-06 3.221141515826677786e-06
7.970952953750211734e+00 2.980763195278372627e-06 3.162071580566320305e-06
8.035757449309157252e+00 2.970355596224668967e-06 3.151030927205538097e-06
8.100561944868102771e+00 2.972477060598504721e-06 3.153281432115259515e-06
8.165366440427048289e+00 2.835958759870485638e-06 3.008459247097988744e-06
8.230170935985992031e+00 2.733015520975053400e-06 2.899254366066741306e-06
8.294975431544937550e+00 2.739955785175883045e-06 2.906616779902844616e-06
8.359779927103881292e+00 2.856534787628327528e-06 3.030286835655535545e-06
8.424584422662826810e+00 3.073297852186479506e-06 3.260234765515084062e-06
8.489388918221770552e+00 3.145121488175100967e-06 3.336427157628725540e-06
8.554193413780716071e+00 4.586359784173741339e-06 4.865330447839783872e-06
8.618997909339661589e+00 6.707994041793614672e-06 7.116015574723603401e-06
8.683802404898607108e+00 8.823522534237586065e-06 9.360223546169207795e-06
8.748606900457549074e+00 7.857075301729517076e-06 8.334991037638674088e-06
8.813411396016496369e+00 4.372120430152336998e-06 4.638059736143175842e-06
8.878215891575440111e+00 3.410312907477799116e-06 3.617749153188589772e-06
8.943020387134385629e+00 2.774856380622592143e-06 2.943640244625467285e-06
9.007824882693329371e+00 2.603828454137418437e-06 2.762209345760840055e-06
9.072629378252274890e+00 2.625564667981403027e-06 2.785267690071468131e-06
9.137433873811220408e+00 3.058456534819967815e-06 3.244490707772708223e-06
9.202238369370164150e+00 3.112245614007509911e-06 3.301551570209945319e-06
9.267042864929107893e+00 2.802580650621506582e-06 2.973050875565348919e-06
9.331847360488055187e+00 3.378751970355883642e-06 3.584268485389372215e-06
9.396651856046998930e+00 4.217051415943786427e-06 4.473558468940197617e-06
9.461456351605942672e+00 4.057133180880897491e-06 4.303913021389151610e-06
9.526260847164888190e+00 3.347140368547921055e-06 3.550734071165701432e-06
9.591065342723833709e+00 3.180635194434452160e-06 3.374101026341663585e-06
9.655869838282779227e+00 3.159065706622006222e-06 3.351219549367194572e-06
9.720674333841721193e+00 2.857115006982844244e-06 3.030902347526562061e-06
9.785478829400666712e+00 2.647241885910823040e-06 2.808263449972468937e-06
9.850283324959614006e+00 2.698100730504059514e-06 2.862215842890985455e-06
9.915087820518557749e+00 2.862839249667688021e-06 3.036974773924834795e-06
9.979892316077501491e+00 3.095363529552035712e-06 3.283642613348851886e-06
