# ERS 1386 - Direct Observations of Exoplanetary Systems with JWST
# HIP 65426, F410M/ADI+RDI Contrast Curve
# Star Apparent Magnitude = 6.765(vegamag) / 0.412(Jy)
# Separation(") /// Contrast /// Uncalibrated Contrast
6.480449555894482461e-02 4.533887771328008967e+02 1.108033503178533323e-02
1.296089911178896492e-01 1.055941406164611740e+00 2.244012691303832574e-04
1.944134866768344461e-01 1.816299062858571858e-02 7.566921852355956864e-05
2.592179822357792984e-01 2.270601996042151231e-03 4.827045176325107261e-05
3.240224777947241508e-01 5.701234245563708159e-04 3.367680417334553673e-05
3.888269733536689476e-01 1.743237136214946515e-04 1.854870499735260646e-05
4.536314689126136890e-01 8.635194032633345469e-05 1.479634987726110689e-05
5.184359644715585969e-01 4.962870087460700849e-05 1.304658127967517432e-05
5.832404600305034492e-01 4.016333234863925884e-05 1.505945138328305884e-05
6.480449555894483016e-01 3.780642455335516924e-05 1.853523461266838501e-05
7.128494511483930429e-01 2.962956178886332385e-05 1.782748722960995026e-05
7.776539467073377843e-01 2.130246271903028115e-05 1.509665256199917022e-05
8.424584422662826366e-01 1.469103011945962392e-05 1.177018333508177318e-05
9.072629378252274890e-01 9.771990949093583466e-06 8.726714201930739259e-06
9.720674333841722303e-01 7.579596208826767722e-06 7.314807901431182553e-06
1.036871928943117194e+00 6.594962327319217699e-06 6.677095012398241963e-06
1.101676424502062046e+00 6.575243281965508231e-06 6.773363923978931139e-06
1.166480920061006898e+00 6.957198712099918178e-06 7.164922180505736471e-06
1.231285415619951751e+00 6.596607756590704101e-06 6.525131028709967672e-06
1.296089911178896603e+00 6.627410277884320367e-06 6.283962584258523885e-06
1.360894406737841233e+00 6.833402869050477032e-06 6.338192239699549319e-06
1.425698902296785864e+00 6.769486587822667929e-06 6.249156338547909230e-06
1.490503397855730716e+00 5.924761238972347031e-06 5.504213724159349749e-06
1.555307893414675569e+00 4.464026979030123546e-06 4.187405640202025881e-06
1.620112388973620421e+00 4.206247989219131631e-06 3.990056723312176488e-06
1.684916884532565273e+00 4.480602555785763650e-06 4.349095804474134341e-06
1.749721380091510126e+00 4.202525505025225149e-06 4.190226428746495927e-06
1.814525875650454978e+00 3.500499132668141719e-06 3.523767376766158524e-06
1.879330371209399608e+00 3.115862349929043313e-06 3.151567146900338498e-06
1.944134866768344461e+00 2.976566670544889964e-06 3.059741993833152914e-06
2.008939362327289313e+00 2.817691142371045735e-06 2.949356969215653904e-06
2.073743857886234387e+00 2.659073453862131977e-06 2.788856741139851687e-06
2.138548353445179018e+00 2.484537269603659713e-06 2.605893230460917757e-06
2.203352849004124092e+00 2.543822933271151098e-06 2.667077275224178803e-06
2.268157344563068722e+00 2.599340418809210506e-06 2.724195097829779314e-06
2.332961840122013797e+00 2.456155188992004707e-06 2.570098446262130697e-06
2.397766335680958427e+00 2.387997850905958785e-06 2.495973878666456760e-06
2.462570831239903502e+00 2.539859747539543274e-06 2.670963415734504074e-06
2.527375326798848132e+00 2.555630508052880967e-06 2.701769188930530224e-06
2.592179822357793206e+00 2.355165298417127756e-06 2.487582308886230984e-06
2.656984317916737837e+00 2.242067413926946639e-06 2.365975590139361965e-06
2.721788813475682023e+00 2.226417787681929940e-06 2.347326082771546977e-06
2.786593309034627097e+00 2.307372640093678445e-06 2.430464652605568372e-06
2.851397804593571728e+00 2.433753026270800626e-06 2.562694601361659611e-06
2.916202300152516802e+00 2.492056166518273048e-06 2.627529605343201624e-06
2.981006795711461432e+00 2.656258873908721594e-06 2.804328506427136109e-06
3.045811291270406507e+00 2.550942204879333065e-06 2.696665385191184290e-06
3.110615786829351137e+00 2.685785213006460972e-06 2.842921912284185691e-06
3.175420282388296211e+00 3.412765142522685966e-06 3.615300568881988597e-06
3.240224777947240842e+00 3.240349815090146003e-06 3.432653007353604570e-06
3.305029273506185916e+00 2.716703068580491458e-06 2.877929696053558898e-06
3.369833769065130546e+00 2.575329044026612550e-06 2.728165627900610239e-06
3.434638264624075621e+00 2.263749897236155408e-06 2.398095371202359775e-06
3.499442760183020251e+00 2.264595830175146723e-06 2.398991507240983022e-06
3.564247255741964882e+00 2.226165828827881203e-06 2.358280822523251674e-06
3.629051751300909956e+00 2.195410656072882831e-06 2.325700440072726601e-06
3.693856246859854142e+00 2.102451830287527614e-06 2.227224839874825831e-06
3.758660742418799217e+00 2.021787238894048716e-06 2.141773092984939003e-06
3.823465237977743847e+00 2.151117736749190055e-06 2.278778894129479560e-06
3.888269733536688921e+00 2.168304440573182186e-06 2.296985567462457586e-06
3.953074229095633552e+00 2.314386329502823836e-06 2.451736894933031744e-06
4.017878724654578626e+00 2.297234434044501815e-06 2.433567095717947717e-06
4.082683220213523256e+00 2.115346141183758163e-06 2.240884382085229620e-06
4.147487715772468775e+00 2.054631936810492373e-06 2.176567006454853734e-06
4.212292211331412517e+00 2.021238064179146440e-06 2.141191326711466611e-06
4.277096706890357147e+00 2.139625157270492253e-06 2.266604271091532884e-06
4.341901202449301778e+00 2.087969724001098211e-06 2.211883272286839067e-06
4.406705698008247296e+00 2.160703946561394418e-06 2.288934011267679816e-06
4.471510193567191926e+00 2.380907672522668697e-06 2.522206042155002232e-06
4.536314689126136557e+00 2.451841178547766944e-06 2.597349198503513286e-06
4.601119184685081187e+00 2.304755937166442482e-06 2.441534973195592996e-06
4.665923680244026706e+00 2.134228713353833307e-06 2.260887567495745653e-06
4.730728175802971336e+00 2.088413955480873413e-06 2.212353867318866221e-06
4.795532671361915966e+00 2.074199437618428020e-06 2.197295768572435893e-06
4.860337166920860597e+00 2.123576037775531175e-06 2.249602693655912194e-06
4.925141662479806115e+00 2.067363003409664566e-06 2.190053616402011883e-06
4.989946158038750745e+00 2.027797184899655970e-06 2.148139707828221576e-06
5.054750653597695376e+00 2.109655340431831468e-06 2.234855852626965665e-06
5.119555149156640006e+00 2.180098908180501400e-06 2.309479994611605787e-06
5.184359644715585524e+00 2.190407025131356380e-06 2.320399861499656766e-06
5.249164140274530155e+00 2.122846956729509140e-06 2.248830344252900670e-06
5.313968635833474785e+00 2.119111685391189143e-06 2.244873397896968767e-06
5.378773131392418527e+00 2.190794945397571891e-06 2.320810803448651530e-06
5.443577626951364046e+00 2.107905310614617444e-06 2.233001964788361491e-06
5.508382122510308676e+00 2.071390604588381261e-06 2.194320241330641374e-06
5.573186618069254195e+00 2.100486648686055078e-06 2.225143031761740133e-06
5.637991113628197937e+00 2.089747641035223866e-06 2.213766702349110563e-06
5.702795609187143455e+00 2.018799079195393765e-06 2.138607596677017948e-06
5.767600104746088086e+00 2.001583063203251592e-06 2.120369871603365427e-06
5.832404600305033604e+00 2.121940392639201079e-06 2.247869978820606205e-06
5.897209095863977346e+00 2.174809280398405877e-06 2.303876446306594566e-06
5.962013591422922865e+00 2.118678011317052586e-06 2.244413986814911101e-06
6.026818086981867495e+00 2.041705240588672468e-06 2.162873156965414382e-06
6.091622582540813013e+00 2.046561752890629501e-06 2.168017885932925276e-06
6.156427078099756756e+00 2.154429008578062986e-06 2.282286678118915700e-06
6.221231573658702274e+00 2.189975119663106363e-06 2.319942323983930323e-06
6.286036069217646016e+00 2.140092431525047585e-06 2.267099276404752350e-06
6.350840564776591535e+00 2.104885346598241532e-06 2.229802776690016048e-06
6.415645060335536165e+00 2.080852688555290830e-06 2.204343866197804109e-06
6.480449555894480795e+00 2.046369880320809932e-06 2.167814626411144002e-06
6.545254051453425426e+00 2.044642332434898174e-06 2.165984554726196259e-06
6.610058547012370944e+00 2.022344936841705164e-06 2.142363888314598091e-06
6.674863042571315574e+00 2.081366746235326463e-06 2.204888431365771609e-06
6.739667538130260205e+00 2.148576807535438641e-06 2.276087169838960772e-06
6.804472033689204835e+00 2.219532674576152481e-06 2.351254014249527108e-06
6.869276529248150354e+00 2.285386044322924907e-06 2.421015546369582973e-06
6.934081024807094984e+00 2.259018230421102165e-06 2.393082896855655540e-06
6.998885520366039614e+00 2.216087601663803276e-06 2.347604488560030185e-06
7.063690015924984245e+00 2.173610805666174421e-06 2.302606846378008613e-06
7.128494511483928875e+00 2.160249369722929834e-06 2.288452456916862022e-06
7.193299007042874393e+00 2.200315496609437048e-06 2.330896365383008225e-06
7.258103502601819024e+00 2.250059993653423973e-06 2.383593020720075011e-06
7.322907998160762766e+00 2.220009819366776771e-06 2.351759475879889499e-06
7.387712493719708284e+00 2.233014992712236348e-06 2.365536459830063765e-06
7.452516989278652915e+00 2.249840940882521831e-06 2.383360967949320529e-06
7.517321484837598433e+00 2.316428556109681661e-06 2.453900320397492888e-06
7.582125980396542175e+00 2.328900155616250862e-06 2.467112064806497117e-06
7.646930475955487694e+00 2.207885632396683360e-06 2.338915761701008343e-06
7.711734971514432324e+00 2.162581512270486960e-06 2.290923003797994468e-06
7.776539467073377843e+00 2.165448194092337779e-06 2.293959812950844764e-06
7.841343962632322473e+00 2.254994922667058363e-06 2.388820820151124266e-06
7.906148458191267103e+00 2.304787514578965828e-06 2.441568424614806443e-06
7.970952953750211734e+00 2.251636729382846085e-06 2.385263330085501645e-06
8.035757449309157252e+00 2.233439359350471553e-06 2.365986011113130205e-06
8.100561944868102771e+00 2.220477678265363017e-06 2.352255100533675313e-06
8.165366440427048289e+00 2.194323621962727832e-06 2.324548894369252636e-06
8.230170935985992031e+00 2.165474089714716432e-06 2.293987245385954561e-06
8.294975431544937550e+00 2.129928433759159044e-06 2.256332081660735793e-06
8.359779927103881292e+00 2.071479678032482616e-06 2.194414600965624473e-06
8.424584422662826810e+00 2.048908425047452426e-06 2.170503824703757445e-06
8.489388918221770552e+00 2.130028725335266920e-06 2.256438325183807539e-06
8.554193413780716071e+00 2.486710640077594891e-06 2.634288038078102303e-06
8.618997909339661589e+00 2.997799954291823135e-06 3.175708678310723735e-06
8.683802404898607108e+00 3.594496276501477489e-06 3.807816796814226234e-06
8.748606900457549074e+00 3.271701720329598989e-06 3.465865536230977896e-06
8.813411396016496369e+00 2.329685995777315388e-06 2.467944541775377153e-06
8.878215891575440111e+00 2.199270891904351060e-06 2.329789767118305470e-06
8.943020387134385629e+00 2.097834750414995862e-06 2.222333752796563257e-06
9.007824882693329371e+00 1.988152619994224029e-06 2.106142379541593011e-06
9.072629378252274890e+00 2.011044868450385646e-06 2.130393201209729353e-06
9.137433873811220408e+00 2.115340034260237802e-06 2.240877912737602149e-06
9.202238369370164150e+00 2.143983676182718776e-06 2.271221452539655548e-06
9.267042864929107893e+00 2.144108026441865364e-06 2.271353182542705625e-06
9.331847360488055187e+00 2.267447352071845250e-06 2.402012256781249858e-06
9.396651856046998930e+00 2.463517748829137480e-06 2.609718731541355328e-06
9.461456351605942672e+00 2.472910867727515541e-06 2.619669298509400426e-06
9.526260847164888190e+00 2.336568282368534009e-06 2.475235267503444367e-06
9.591065342723833709e+00 2.285818663944837126e-06 2.421473840421441240e-06
9.655869838282779227e+00 2.278088850784103743e-06 2.413285290447945797e-06
9.720674333841721193e+00 2.180189440622637108e-06 2.309575899830947592e-06
9.785478829400666712e+00 2.176238855770769528e-06 2.305390861873188662e-06
9.850283324959614006e+00 2.208996300086704059e-06 2.340092343552932217e-06
9.915087820518557749e+00 2.199125626470162831e-06 2.329635880699250081e-06
9.979892316077501491e+00 2.326076770795075804e-06 2.464121122176726237e-06
