# ERS 1386 - Direct Observations of Exoplanetary Systems with JWST
# HIP 65426, F410M/RDI Contrast Curve
# Star Apparent Magnitude = 6.765(vegamag) / 0.412(Jy)
# Separation(") /// Contrast /// Uncalibrated Contrast
6.480449555894482461e-02 2.982488911511831611e+04 1.448531058966826164e-02
1.296089911178896492e-01 inf 2.976318460264526945e-04
1.944134866768344461e-01 8.386442864796676833e-02 1.149764716440879935e-04
2.592179822357792984e-01 3.746268919269110133e-03 7.281293204666146920e-05
3.240224777947241508e-01 9.125277280764218513e-04 4.949062623013704377e-05
3.888269733536689476e-01 2.332324047979490592e-04 2.454276734054081232e-05
4.536314689126136890e-01 1.583609281529186393e-04 1.967540866801952010e-05
5.184359644715585969e-01 9.603318352515748048e-05 1.621030332758953614e-05
5.832404600305034492e-01 6.228646496424772013e-05 2.072714423508119466e-05
6.480449555894483016e-01 5.945167341972025304e-05 2.578602931150537821e-05
7.128494511483930429e-01 4.489097028547759343e-05 2.364240279523893029e-05
7.776539467073377843e-01 3.262272407226426442e-05 1.996708308525336551e-05
8.424584422662826366e-01 2.246818687404419893e-05 1.538576127882651661e-05
9.072629378252274890e-01 1.420376053749465682e-05 1.088103966326396180e-05
9.720674333841722303e-01 1.001726610666673550e-05 8.414166646201183216e-06
1.036871928943117194e+00 7.816851847161659616e-06 6.905424260797181146e-06
1.101676424502062046e+00 6.895345077574900540e-06 6.288085193534622586e-06
1.166480920061006898e+00 7.494971015491344140e-06 6.932685632612659883e-06
1.231285415619951751e+00 7.584239933488531406e-06 7.038874382997678701e-06
1.296089911178896603e+00 7.688619349099402867e-06 7.067845094132575698e-06
1.360894406737841233e+00 7.803818095176053078e-06 7.057435833667667199e-06
1.425698902296785864e+00 7.978778647744740057e-06 7.131057628362219488e-06
1.490503397855730716e+00 7.024683041762774822e-06 6.222946621457829553e-06
1.555307893414675569e+00 5.258293778422618828e-06 4.661786903686750192e-06
1.620112388973620421e+00 4.999954257349081725e-06 4.457485014728443410e-06
1.684916884532565273e+00 5.375700139922361939e-06 4.817080661322941530e-06
1.749721380091510126e+00 5.007727603592493408e-06 4.509576530096409480e-06
1.814525875650454978e+00 4.030849939131938520e-06 3.674283636586849047e-06
1.879330371209399608e+00 3.467504553917610425e-06 3.205419220142601486e-06
1.944134866768344461e+00 3.468194805700832303e-06 3.222557732513948521e-06
2.008939362327289313e+00 3.402225555484517525e-06 3.172003510058451734e-06
2.073743857886234387e+00 3.103803769560910988e-06 2.902627166514921528e-06
2.138548353445179018e+00 2.818669839470748485e-06 2.643907817708395344e-06
2.203352849004124092e+00 3.023620294279989150e-06 2.840147256048403728e-06
2.268157344563068722e+00 3.087900274991922219e-06 2.904358944284643969e-06
2.332961840122013797e+00 2.976661691572996051e-06 2.807530571638788469e-06
2.397766335680958427e+00 3.013372992953488568e-06 2.850169356160943093e-06
2.462570831239903502e+00 3.155830794281340754e-06 2.995321804762606887e-06
2.527375326798848132e+00 3.136054882288631931e-06 2.984588324499843646e-06
2.592179822357793206e+00 2.921088466736606275e-06 2.770748359984243161e-06
2.656984317916737837e+00 2.770679556235856704e-06 2.619301079136541134e-06
2.721788813475682023e+00 2.697236389209574541e-06 2.541323774733939411e-06
2.786593309034627097e+00 2.848119101020217866e-06 2.674459902435083128e-06
2.851397804593571728e+00 2.942523859582138676e-06 2.756099253022958729e-06
2.916202300152516802e+00 2.880846319328516229e-06 2.698157032222611953e-06
2.981006795711461432e+00 3.132533615678769578e-06 2.933696208384579402e-06
3.045811291270406507e+00 3.003380231062237740e-06 2.812561218018546321e-06
3.110615786829351137e+00 3.088854196643775588e-06 2.892419894892418238e-06
3.175420282388296211e+00 3.805434299907304881e-06 3.563291100638226356e-06
3.240224777947240842e+00 3.577460755024478081e-06 3.349823716985928717e-06
3.305029273506185916e+00 3.122615966189375044e-06 2.923921110214534595e-06
3.369833769065130546e+00 3.088803206829450192e-06 2.892259887074201462e-06
3.434638264624075621e+00 2.841706001392707661e-06 2.660885698549446779e-06
3.499442760183020251e+00 2.759544921840846864e-06 2.583952602215841745e-06
3.564247255741964882e+00 2.693750878102149049e-06 2.522345092519822070e-06
3.629051751300909956e+00 2.618320443126048801e-06 2.451714363807949444e-06
3.693856246859854142e+00 2.514887932694906788e-06 2.354863356829603712e-06
3.758660742418799217e+00 2.441394136535744045e-06 2.286046036868924441e-06
3.823465237977743847e+00 2.571843291338169546e-06 2.408194594894110359e-06
3.888269733536688921e+00 2.658333591256974138e-06 2.489181439417931070e-06
3.953074229095633552e+00 2.829756173481704398e-06 2.649696248911471573e-06
4.017878724654578626e+00 2.786650195939563463e-06 2.609333143401027536e-06
4.082683220213523256e+00 2.616757928085773033e-06 2.450251273001792559e-06
4.147487715772468775e+00 2.557454595075949434e-06 2.394721464286598742e-06
4.212292211331412517e+00 2.538425068088423466e-06 2.376902803177232921e-06
4.277096706890357147e+00 2.698314538057002006e-06 2.526618362696596074e-06
4.341901202449301778e+00 2.661585173419752642e-06 2.492226120489919546e-06
4.406705698008247296e+00 2.768601565592787235e-06 2.592432963598963025e-06
4.471510193567191926e+00 2.974818528503138166e-06 2.785528156112731102e-06
4.536314689126136557e+00 3.006908197719294391e-06 2.815575930881339816e-06
4.601119184685081187e+00 2.826194134969872463e-06 2.646360866106504976e-06
4.665923680244026706e+00 2.609605493159413601e-06 2.443553953927958825e-06
4.730728175802971336e+00 2.580367199715983418e-06 2.416176119333005634e-06
4.795532671361915966e+00 2.587931199990738037e-06 2.423258815482802372e-06
4.860337166920860597e+00 2.654570254178541259e-06 2.485657566854789436e-06
4.925141662479806115e+00 2.571865891993577202e-06 2.408215757449533899e-06
4.989946158038750745e+00 2.460904054122487008e-06 2.304314520892605706e-06
5.054750653597695376e+00 2.587165636246737995e-06 2.422541965246803557e-06
5.119555149156640006e+00 2.748111228919092651e-06 2.573246445434601182e-06
5.184359644715585524e+00 2.729530209949646411e-06 2.555847753375660444e-06
5.249164140274530155e+00 2.573900772260975808e-06 2.410121156459540040e-06
5.313968635833474785e+00 2.584969431394863883e-06 2.420485506880395134e-06
5.378773131392418527e+00 2.629208887569394932e-06 2.461909966760735572e-06
5.443577626951364046e+00 2.577194709913900104e-06 2.413205497903828589e-06
5.508382122510308676e+00 2.655131703426065741e-06 2.486183290582883356e-06
5.573186618069254195e+00 2.653120954686431315e-06 2.484300487589876124e-06
5.637991113628197937e+00 2.606060108726130057e-06 2.440234165487578107e-06
5.702795609187143455e+00 2.511291336051316127e-06 2.351495614857812108e-06
5.767600104746088086e+00 2.536123732957603212e-06 2.374747904065865308e-06
5.832404600305033604e+00 2.718955571472898511e-06 2.545945988634227363e-06
5.897209095863977346e+00 2.755464099192574659e-06 2.580131445974561497e-06
5.962013591422922865e+00 2.664586416260859183e-06 2.495036391555913035e-06
6.026818086981867495e+00 2.565324340695869772e-06 2.402090450930891038e-06
6.091622582540813013e+00 2.561227467921315555e-06 2.398254265847267136e-06
6.156427078099756756e+00 2.704098040291960568e-06 2.532033855494580159e-06
6.221231573658702274e+00 2.696703026488649197e-06 2.525109393055410201e-06
6.286036069217646016e+00 2.568539382391048408e-06 2.405100916638022059e-06
6.350840564776591535e+00 2.574288126791483239e-06 2.410483863273682757e-06
6.415645060335536165e+00 2.586119808212008499e-06 2.421562684188386462e-06
6.480449555894480795e+00 2.540686168767106380e-06 2.379020027990756567e-06
6.545254051453425426e+00 2.608159341512121700e-06 2.442199822207672660e-06
6.610058547012370944e+00 2.611824206697964527e-06 2.445631488733112747e-06
6.674863042571315574e+00 2.615933551457787496e-06 2.449479352198391282e-06
6.739667538130260205e+00 2.686191975433453876e-06 2.515267169610837066e-06
6.804472033689204835e+00 2.777228515158795021e-06 2.600510972622784273e-06
6.869276529248150354e+00 2.837209558589500908e-06 2.656675368436643283e-06
6.934081024807094984e+00 2.783278512329031299e-06 2.606176003044177865e-06
6.998885520366039614e+00 2.772597510510247994e-06 2.596174642955607262e-06
7.063690015924984245e+00 2.759034473830189462e-06 2.583474634470147345e-06
7.128494511483928875e+00 2.744642863373240516e-06 2.569998775100732401e-06
7.193299007042874393e+00 2.798657126186288061e-06 2.620576061901862061e-06
7.258103502601819024e+00 2.800198822484603281e-06 2.622019658681290622e-06
7.322907998160762766e+00 2.742948554458295835e-06 2.568412276582415942e-06
7.387712493719708284e+00 2.687826209484338111e-06 2.516797415882600950e-06
7.452516989278652915e+00 2.663914457797378027e-06 2.494407190412437949e-06
7.517321484837598433e+00 2.775402288953419834e-06 2.598800950829601706e-06
7.582125980396542175e+00 2.805537897825393594e-06 2.627019003867183872e-06
7.646930475955487694e+00 2.706198126919451092e-06 2.534000311725472889e-06
7.711734971514432324e+00 2.640380851056186924e-06 2.472371048185820651e-06
7.776539467073377843e+00 2.598656833508709992e-06 2.433301967315492773e-06
7.841343962632322473e+00 2.650040682594933513e-06 2.481416215975609719e-06
7.906148458191267103e+00 2.697030809830961371e-06 2.525416319249518124e-06
7.970952953750211734e+00 2.690123968253252685e-06 2.518948966199179898e-06
8.035757449309157252e+00 2.661157300147870923e-06 2.491825473178275007e-06
8.100561944868102771e+00 2.635181720558118858e-06 2.467502743026728956e-06
8.165366440427048289e+00 2.623284367902644136e-06 2.456362429596685031e-06
8.230170935985992031e+00 2.624050995050765018e-06 2.457080275571445981e-06
8.294975431544937550e+00 2.616062389139492852e-06 2.449599991822798790e-06
8.359779927103881292e+00 2.548384458039811586e-06 2.386228468209061339e-06
8.424584422662826810e+00 2.445022147798572782e-06 2.289443194519541883e-06
8.489388918221770552e+00 2.545212494761647797e-06 2.383258339800614566e-06
8.554193413780716071e+00 2.703603815514252136e-06 2.531571078682964726e-06
8.618997909339661589e+00 2.703382133193237133e-06 2.531363502206960194e-06
8.683802404898607108e+00 2.671446917005170920e-06 2.501460352481666834e-06
8.748606900457549074e+00 2.623159610027465420e-06 2.456245610177053972e-06
8.813411396016496369e+00 2.523299973514456317e-06 2.362740131943349744e-06
8.878215891575440111e+00 2.513945888676956561e-06 2.353981255917848832e-06
8.943020387134385629e+00 2.494939382901752500e-06 2.336184151160406410e-06
9.007824882693329371e+00 2.409682666428237410e-06 2.256352396060308548e-06
9.072629378252274890e+00 2.513057570096576319e-06 2.353149461845861211e-06
9.137433873811220408e+00 2.537722870586766428e-06 2.376245287132715520e-06
9.202238369370164150e+00 2.514846418579288453e-06 2.354824484294414437e-06
9.267042864929107893e+00 2.681496377880273018e-06 2.510870357143509306e-06
9.331847360488055187e+00 2.830674695790851859e-06 2.650556324821862137e-06
9.396651856046998930e+00 2.926973983478178745e-06 2.740728002420503164e-06
9.461456351605942672e+00 3.038642716588440098e-06 2.845291153838209071e-06
9.526260847164888190e+00 3.003688281753201479e-06 2.812560901057527003e-06
9.591065342723833709e+00 2.884677895712511470e-06 2.701123252673309376e-06
9.655869838282779227e+00 2.886913350905955719e-06 2.703216463846832958e-06
9.720674333841721193e+00 2.774302655363597631e-06 2.597771287911844584e-06
9.785478829400666712e+00 2.766166368827983024e-06 2.590152720589501271e-06
9.850283324959614006e+00 2.794721830259560007e-06 2.616891172386247493e-06
9.915087820518557749e+00 2.787598832574457108e-06 2.610221417435593987e-06
9.979892316077501491e+00 2.904657695186383956e-06 2.719831719577998937e-06
