# ERS 1386 - Direct Observations of Exoplanetary Systems with JWST
# HIP 65426, F444W/ADI Contrast Curve
# Star Apparent Magnitude = 6.764(vegamag) / 0.367(Jy)
# Separation(") /// Contrast /// Uncalibrated Contrast
6.975967856203799111e-02 5.366977298199137714e+00 8.253356975593612727e-03
1.395193571240759822e-01 3.053127565930280340e-02 1.312727223549053966e-04
2.092790356861139733e-01 4.467875039883558753e-03 5.549551282034990881e-05
2.790387142481519644e-01 2.009129269319771469e-03 4.267515961948600492e-05
3.487983928101899833e-01 7.142752078034348339e-04 2.818542774480887773e-05
4.185580713722279467e-01 2.537532051276545080e-04 2.020324718749155792e-05
4.883177499342659655e-01 1.428741800475581897e-04 2.070983564508083652e-05
5.580774284963039289e-01 7.162616414811127680e-05 1.733895261141372442e-05
6.278371070583419478e-01 6.101690010909006635e-05 2.112797453830029070e-05
6.975967856203799666e-01 5.960046565185926718e-05 2.783464592585450199e-05
7.673564641824178745e-01 4.336627400219339592e-05 2.634712566397578719e-05
8.371161427444558933e-01 3.004827929282950254e-05 2.177848816428315358e-05
9.068758213064939122e-01 2.422049688191061509e-05 1.987983418093797942e-05
9.766354998685319311e-01 1.563619426440011279e-05 1.388676484943787754e-05
1.046395178430570061e+00 1.031755787452745544e-05 9.740142043202327661e-06
1.116154856992607858e+00 1.038941406070221718e-05 1.010999242187429482e-05
1.185914535554645877e+00 9.781618361494046876e-06 9.648633131144969104e-06
1.255674214116683896e+00 9.344348365510508079e-06 9.304442011840861727e-06
1.325433892678721914e+00 9.430134268489704410e-06 9.091984938947511108e-06
1.395193571240759933e+00 9.354521396615717645e-06 8.718744490523949468e-06
1.464953249802797952e+00 9.698340145332602950e-06 8.865872754777094446e-06
1.534712928364835749e+00 9.601968900154049015e-06 8.746722229085278959e-06
1.604472606926873768e+00 8.594754752812260170e-06 8.062016656727317887e-06
1.674232285488911787e+00 7.151703686163785354e-06 6.890067114865359599e-06
1.743991964050950028e+00 5.839692069422906713e-06 5.765275473527136511e-06
1.813751642612987824e+00 5.228276808764618472e-06 5.223095072401701069e-06
1.883511321175025843e+00 4.292821272011932031e-06 4.318147118557106519e-06
1.953270999737063862e+00 3.672851864537595614e-06 3.707274416486072406e-06
2.023030678299102103e+00 3.524484460938238329e-06 3.569025424894597607e-06
2.092790356861140566e+00 3.393668808255721938e-06 3.451979878744784853e-06
2.162550035423177697e+00 3.133434084027281144e-06 3.215393170271282795e-06
2.232309713985215716e+00 2.832946014047672562e-06 2.962515833764584619e-06
2.302069392547254179e+00 2.812953201293448599e-06 2.957166262559682151e-06
2.371829071109292197e+00 2.738190042546846142e-06 2.853413165565169048e-06
2.441588749671329328e+00 2.425495206124825638e-06 2.512800245849617076e-06
2.511348428233367791e+00 2.258637706115414642e-06 2.329456560447680065e-06
2.581108106795405810e+00 2.216688865199174759e-06 2.286297974585360846e-06
2.650867785357444273e+00 2.282150001707852452e-06 2.355438001969283547e-06
2.720627463919481848e+00 2.297891737566130186e-06 2.373319719352771288e-06
2.790387142481519867e+00 2.204104027505800318e-06 2.278021188742212019e-06
2.860146821043557885e+00 2.267051568879503887e-06 2.345229141929368942e-06
2.929906499605596348e+00 2.272537440306995363e-06 2.354013550873770873e-06
2.999666178167633479e+00 2.144481846228832696e-06 2.224300997180558780e-06
3.069425856729671498e+00 2.203435894088522061e-06 2.288464171265247873e-06
3.139185535291709961e+00 2.237237414750538878e-06 2.326631119797793869e-06
3.208945213853747980e+00 2.203408215517644908e-06 2.291917565502447351e-06
3.278704892415785555e+00 2.170143392182230720e-06 2.257316517735245414e-06
3.348464570977823573e+00 2.107095918924128117e-06 2.191736472057307150e-06
3.418224249539862036e+00 2.093790896058079545e-06 2.177896995830726867e-06
3.487983928101900499e+00 2.087743513528190387e-06 2.171606694220723260e-06
3.557743606663937630e+00 2.062529010670547851e-06 2.145379342612493819e-06
3.627503285225975649e+00 1.974873105200111628e-06 2.054202361400904240e-06
3.697262963788014112e+00 1.876228187302602945e-06 1.951594946903390035e-06
3.767022642350052131e+00 1.885629839805444823e-06 1.961374257139351402e-06
3.836782320912089261e+00 1.997754294571041837e-06 2.078002671969548534e-06
3.906541999474127724e+00 2.065614747232103961e-06 2.148589031029799655e-06
3.976301678036165743e+00 2.076006129376432671e-06 2.159397827647107634e-06
4.046061356598204206e+00 1.927609682289480443e-06 2.005040400211974953e-06
4.115821035160242225e+00 1.828954809646313088e-06 1.902422631093707916e-06
4.185580713722280244e+00 1.909245560419174120e-06 1.985938604551430491e-06
4.255340392284318263e+00 1.947976863800768278e-06 2.026225717002913139e-06
4.325100070846356282e+00 1.895363849388779797e-06 1.971499275004719359e-06
4.394859749408393412e+00 1.837388621938043346e-06 1.911195223661638343e-06
4.464619427970431431e+00 1.807268701721592565e-06 1.879865407547923775e-06
4.534379106532469450e+00 1.834354841226485753e-06 1.908039578124087345e-06
4.604138785094508357e+00 1.962962024929652944e-06 2.041812821458320111e-06
4.673898463656546376e+00 1.970234876200621540e-06 2.049377818022201605e-06
4.743658142218583507e+00 1.940205269588532069e-06 2.018141943346474590e-06
4.813417820780621526e+00 1.924615385595534862e-06 2.001925824737104084e-06
4.883177499342659544e+00 1.811542665950640760e-06 1.884311053897927635e-06
4.952937177904696675e+00 1.803884553241712686e-06 1.876345320216542498e-06
5.022696856466735582e+00 1.870227378419206879e-06 1.945353089770326935e-06
5.092456535028773601e+00 1.840314025043952045e-06 1.914238138141755506e-06
5.162216213590811620e+00 1.782899854499982807e-06 1.854517680964662491e-06
5.231975892152849639e+00 1.834764553423614993e-06 1.908465748170467363e-06
5.301735570714887658e+00 2.012421340147890160e-06 2.093258882396133658e-06
5.371495249276926565e+00 1.965982915745556566e-06 2.044955059322222807e-06
5.441254927838964583e+00 1.878867791158236630e-06 1.954340581779437394e-06
5.511014606401001714e+00 1.883724848761417391e-06 1.959392743952106824e-06
5.580774284963039733e+00 1.879556884425420024e-06 1.955057355435904885e-06
5.650533963525077752e+00 1.924227990935930571e-06 2.001522868707950739e-06
5.720293642087115771e+00 1.900179448265864605e-06 1.976508313083581006e-06
5.790053320649154678e+00 1.904320739010016035e-06 1.980815956548613519e-06
5.859812999211191809e+00 1.951416629157562250e-06 2.029803655301827328e-06
5.929572677773229827e+00 1.919359634744739847e-06 1.996458954090980486e-06
5.999332356335267846e+00 1.815238922398882586e-06 1.888155786354068138e-06
6.069092034897304977e+00 1.824551853820993263e-06 1.897842811646220320e-06
6.138851713459342996e+00 1.888843837468915865e-06 1.964717358816342487e-06
6.208611392021381903e+00 1.907991154629821173e-06 1.984633810168510913e-06
6.278371070583419922e+00 1.884281889755809357e-06 1.959972160889359284e-06
6.348130749145457941e+00 1.880728874673013812e-06 1.956276423703028809e-06
6.417890427707495071e+00 1.877446220188392376e-06 1.952861907308928970e-06
6.487650106269533090e+00 1.891884925154353857e-06 1.967880604843747926e-06
6.557409784831571997e+00 2.021237252083629518e-06 2.102428923280590223e-06
6.627169463393609128e+00 2.490217769595811737e-06 2.590248056564561051e-06
6.696929141955647147e+00 2.775871099652746304e-06 2.887375878904076845e-06
6.766688820517685166e+00 2.503530114409609478e-06 2.604095148856354075e-06
6.836448499079724073e+00 2.117262932532201643e-06 2.202311887412909604e-06
6.906208177641762092e+00 1.911388526620774901e-06 1.988167652190055401e-06
6.975967856203800110e+00 1.907707162319851396e-06 1.984338410088260829e-06
7.045727534765838129e+00 1.945991399029957771e-06 2.024160497516183351e-06
7.115487213327876148e+00 1.970328707908621199e-06 2.049475418883562945e-06
7.185246891889913279e+00 2.023471324533271547e-06 2.104752736840818924e-06
7.255006570451951298e+00 2.134125303107297072e-06 2.219851607490604469e-06
7.324766249013989317e+00 2.467269159066700996e-06 2.566377616577485269e-06
7.394525927576028224e+00 2.715822497616366057e-06 2.824915166984332337e-06
7.464285606138066242e+00 2.625265916720434672e-06 2.730720992266476441e-06
7.534045284700103373e+00 2.357681273431066540e-06 2.452387663065590259e-06
7.603804963262141392e+00 2.158630241976938024e-06 2.245340892427168053e-06
7.673564641824179411e+00 2.114446457101120378e-06 2.199382276155295168e-06
7.743324320386217430e+00 2.081420737293872826e-06 2.165029936535915824e-06
7.813083998948255449e+00 2.134315782858102730e-06 2.220049738678311746e-06
7.882843677510293467e+00 2.325274695782663314e-06 2.418679336107780102e-06
7.952603356072331486e+00 2.334414124236143926e-06 2.428185888939736415e-06
8.022363034634370393e+00 2.393306782869425383e-06 2.489444224027248368e-06
8.092122713196406636e+00 2.618527056219488151e-06 2.723711436504263115e-06
8.161882391758446431e+00 2.527310875888086187e-06 2.628831166708016957e-06
8.231642070320482674e+00 2.378202734303026796e-06 2.473733456510028130e-06
8.301401748882518916e+00 2.504133401935667129e-06 2.604722670015748133e-06
8.371161427444560488e+00 2.717486781038527333e-06 2.826646303494745280e-06
8.440921106006596730e+00 2.781085078522201969e-06 2.892799299617907744e-06
8.510680784568634749e+00 3.306453453050790263e-06 3.439271350262713925e-06
8.580440463130672768e+00 6.491273725023913736e-06 6.752023600570836635e-06
8.650200141692710787e+00 8.743664715414785089e-06 9.094891544377389366e-06
8.719959820254747029e+00 8.250724705819445707e-06 8.582150483155066132e-06
8.789719498816786825e+00 5.586542516127675251e-06 5.810949978749738035e-06
8.859479177378823067e+00 2.676796192859187120e-06 2.784321203160603492e-06
8.929238855940862862e+00 2.375190461883417837e-06 2.470600183237304786e-06
8.998998534502899105e+00 2.138259465147577441e-06 2.224151835896772105e-06
9.068758213064937124e+00 2.246051442180472878e-06 2.336273740427245122e-06
9.138517891626978695e+00 2.574357913880786341e-06 2.677768050949868196e-06
9.208277570189014938e+00 2.551505960313490776e-06 2.653998150566417478e-06
9.278037248751054733e+00 2.530489418777007995e-06 2.632137389417235474e-06
9.347796927313090976e+00 3.347651065135067438e-06 3.482123841293536368e-06
9.417556605875128994e+00 3.867462115387864572e-06 4.022815333875983135e-06
9.487316284437167013e+00 3.519239866402358963e-06 3.660605243377092090e-06
9.557075962999205032e+00 2.942113357856314549e-06 3.060295971069585924e-06
9.626835641561241275e+00 2.914605361717225020e-06 3.031682998176525977e-06
9.696595320123281070e+00 2.818737793654023773e-06 2.931964497692296027e-06
9.766354998685317312e+00 2.451408913388640719e-06 2.549880276045335700e-06
9.836114677247355331e+00 2.389889275622453105e-06 2.485889437930688783e-06
9.905874355809393350e+00 2.530475351307994953e-06 2.632122756867939129e-06
9.975634034371433145e+00 2.744099443261780514e-06 2.854327977541661566e-06
