# ERS 1386 - Direct Observations of Exoplanetary Systems with JWST
# HIP 65426, F444W/RDI Contrast Curve
# Star Apparent Magnitude = 6.764(vegamag) / 0.367(Jy)
# Separation(") /// Contrast /// Uncalibrated Contrast
6.975967856203799111e-02 4.345726103740955296e+04 1.939722483775662906e-02
1.395193571240759822e-01 inf 3.140785089290189062e-04
2.092790356861139733e-01 inf 1.319943779743532291e-04
2.790387142481519644e-01 5.172590693410944462e-03 9.432050528151281589e-05
3.487983928101899833e-01 7.440374247050744044e-04 5.712725269118358742e-05
4.185580713722279467e-01 1.995276572120329936e-04 2.524566888170554335e-05
4.883177499342659655e-01 1.839125890209361623e-04 2.718886112742786002e-05
5.580774284963039289e-01 8.332919554463769378e-05 2.208411983324971153e-05
6.278371070583419478e-01 5.513544359849092741e-05 2.116778933048534824e-05
6.975967856203799666e-01 5.065417220416719229e-05 2.440671834988795904e-05
7.673564641824178745e-01 3.797775420131460010e-05 2.200812424569879540e-05
8.371161427444558933e-01 2.770450080601738471e-05 1.850408160481824418e-05
9.068758213064939122e-01 2.112196318224702363e-05 1.562558951098528165e-05
9.766354998685319311e-01 1.619953971002023469e-05 1.303517573289043470e-05
1.046395178430570061e+00 1.169932238232158710e-05 1.002778891667099829e-05
1.116154856992607858e+00 8.026681283372377417e-06 7.104510798156075043e-06
1.185914535554645877e+00 6.723796550672615610e-06 6.019787984329984534e-06
1.255674214116683896e+00 7.618824950497541954e-06 6.863334807851290720e-06
1.325433892678721914e+00 7.584617228232378838e-06 6.749529245340563595e-06
1.395193571240759933e+00 7.821150053717576401e-06 6.873254973706043408e-06
1.464953249802797952e+00 8.451930103256243516e-06 7.384145826366225027e-06
1.534712928364835749e+00 7.219077543793091780e-06 6.286579525584298818e-06
1.604472606926873768e+00 5.757906779527882463e-06 5.025311130365239245e-06
1.674232285488911787e+00 5.530990455001428799e-06 4.810898085656020779e-06
1.743991964050950028e+00 5.044224238288483290e-06 4.349716907019733821e-06
1.813751642612987824e+00 4.443421517250707046e-06 3.890137505783758131e-06
1.883511321175025843e+00 4.020073594149957428e-06 3.605829665021559309e-06
1.953270999737063862e+00 3.948315812451490725e-06 3.537605806611874483e-06
2.023030678299102103e+00 3.856953407485213243e-06 3.449649574636825647e-06
2.092790356861140566e+00 3.445777263674526118e-06 3.128689282060153827e-06
2.162550035423177697e+00 2.961992154707961461e-06 2.716255525771678002e-06
2.232309713985215716e+00 2.758487851041840899e-06 2.524757253622234425e-06
2.302069392547254179e+00 2.944733630289280139e-06 2.700633504998588756e-06
2.371829071109292197e+00 3.060306928047702234e-06 2.823809942207794367e-06
2.441588749671329328e+00 2.879739108600895467e-06 2.664431433666816365e-06
2.511348428233367791e+00 2.749825011011640888e-06 2.547164775725511416e-06
2.581108106795405810e+00 2.757947586396839093e-06 2.548853366996208463e-06
2.650867785357444273e+00 2.685763358853187953e-06 2.475248890851726499e-06
2.720627463919481848e+00 2.613128942182368074e-06 2.401601183531550617e-06
2.790387142481519867e+00 2.524377286067608798e-06 2.313555087341255590e-06
2.860146821043557885e+00 2.455420194664197513e-06 2.246635391866898797e-06
2.929906499605596348e+00 2.431668801762731736e-06 2.225751330134863516e-06
2.999666178167633479e+00 2.460139283767240165e-06 2.252668559450106983e-06
3.069425856729671498e+00 2.469274796307856098e-06 2.261894504170865465e-06
3.139185535291709961e+00 2.423672467926011516e-06 2.220967013382011521e-06
3.208945213853747980e+00 2.378416436576825494e-06 2.179624543653864590e-06
3.278704892415785555e+00 2.452679462946456904e-06 2.247680546157038680e-06
3.348464570977823573e+00 2.537137840436802893e-06 2.325079755842998023e-06
3.418224249539862036e+00 2.426384878885768359e-06 2.223583705964354054e-06
3.487983928101900499e+00 2.399384072425078492e-06 2.198839670582194261e-06
3.557743606663937630e+00 2.456496141304651901e-06 2.251178220364473956e-06
3.627503285225975649e+00 2.422221337717632227e-06 2.219768160301692833e-06
3.697262963788014112e+00 2.338743144358566794e-06 2.143267209371847293e-06
3.767022642350052131e+00 2.235786161757970326e-06 2.048915537912754144e-06
3.836782320912089261e+00 2.220045731176281853e-06 2.034490717979661640e-06
3.906541999474127724e+00 2.320954565728839800e-06 2.126965428917507020e-06
3.976301678036165743e+00 2.305408741509045024e-06 2.112718949831800047e-06
4.046061356598204206e+00 2.150945659327003584e-06 1.971166141906808663e-06
4.115821035160242225e+00 2.145867227833528579e-06 1.966512173932060807e-06
4.185580713722280244e+00 2.245559464068896032e-06 2.057871971807947770e-06
4.255340392284318263e+00 2.332272448207095848e-06 2.137337344471244875e-06
4.325100070846356282e+00 2.324589643226028162e-06 2.130296680757642581e-06
4.394859749408393412e+00 2.257620949085781849e-06 2.068925338397339358e-06
4.464619427970431431e+00 2.211262349174215633e-06 2.026441465252689569e-06
4.534379106532469450e+00 2.126779433996967888e-06 1.949019768779390190e-06
4.604138785094508357e+00 2.097926512062462214e-06 1.922578420730563892e-06
4.673898463656546376e+00 2.144971854449323845e-06 1.965691637303598767e-06
4.743658142218583507e+00 2.238277262764868339e-06 2.051198428668071150e-06
4.813417820780621526e+00 2.266975213828537811e-06 2.077497758562115768e-06
4.883177499342659544e+00 2.116635306217933265e-06 1.939723503608532672e-06
4.952937177904696675e+00 2.095235324088089830e-06 1.920112166600160035e-06
5.022696856466735582e+00 2.220576491669445210e-06 2.034977116652286516e-06
5.092456535028773601e+00 2.207014202976176101e-06 2.022548385985375219e-06
5.162216213590811620e+00 2.214903894761964268e-06 2.029778644569914326e-06
5.231975892152849639e+00 2.231345390996248215e-06 2.044845933954365112e-06
5.301735570714887658e+00 2.281576786956969950e-06 2.090878908590028224e-06
5.371495249276926565e+00 2.237483991802341603e-06 2.050471460575729901e-06
5.441254927838964583e+00 2.168843750518106319e-06 1.987568281685505313e-06
5.511014606401001714e+00 2.148761904888424433e-06 1.969164909196488991e-06
5.580774284963039733e+00 2.104490465024994208e-06 1.928593747887113196e-06
5.650533963525077752e+00 2.230109037208263065e-06 2.043712916615816105e-06
5.720293642087115771e+00 2.248386336590050273e-06 2.060462569751239944e-06
5.790053320649154678e+00 2.173579764263279125e-06 1.991908451741224337e-06
5.859812999211191809e+00 2.184452904672696469e-06 2.001872797487619662e-06
5.929572677773229827e+00 2.185642040317519952e-06 2.002962543251789328e-06
5.999332356335267846e+00 2.203993614644071477e-06 2.019780263311952281e-06
6.069092034897304977e+00 2.209378824149365602e-06 2.024715368296069905e-06
6.138851713459342996e+00 2.224219165670469971e-06 2.038315330068180598e-06
6.208611392021381903e+00 2.178368284553779460e-06 1.996296739760281929e-06
6.278371070583419922e+00 2.183733910652480414e-06 2.001213898150605650e-06
6.348130749145457941e+00 2.225600694208224098e-06 2.039581388216088860e-06
6.417890427707495071e+00 2.234602503625571140e-06 2.047830811841660394e-06
6.487650106269533090e+00 2.220606727248850990e-06 2.035004825093058882e-06
6.557409784831571997e+00 2.311396816282062715e-06 2.118206531629413642e-06
6.627169463393609128e+00 2.355046971254313310e-06 2.158208336043759945e-06
6.696929141955647147e+00 2.283629598178855711e-06 2.092760142529510093e-06
6.766688820517685166e+00 2.313215866370304484e-06 2.119873542568916641e-06
6.836448499079724073e+00 2.245101964831252972e-06 2.057452711096604403e-06
6.906208177641762092e+00 2.131317926983330974e-06 1.953178927180816225e-06
6.975967856203800110e+00 2.140415764136957907e-06 1.961516352389141553e-06
7.045727534765838129e+00 2.235393943677152831e-06 2.048556102053554892e-06
7.115487213327876148e+00 2.279429236383421221e-06 2.088910853767138582e-06
7.185246891889913279e+00 2.283594997782692322e-06 2.092728434090425330e-06
7.255006570451951298e+00 2.341373014785225677e-06 2.145677270974358494e-06
7.324766249013989317e+00 2.299604584616930601e-06 2.107399913761111553e-06
7.394525927576028224e+00 2.152753279499001495e-06 1.972822678260955902e-06
7.464285606138066242e+00 2.144869928301026793e-06 1.965598230307644918e-06
7.534045284700103373e+00 2.151882581648877122e-06 1.972024754745522546e-06
7.603804963262141392e+00 2.091939438625664225e-06 1.917091756575868889e-06
7.673564641824179411e+00 2.059715750841715392e-06 1.887561376739602075e-06
7.743324320386217430e+00 2.084227321570308335e-06 1.910024230738561000e-06
7.813083998948255449e+00 2.091840211095712070e-06 1.917000822643373448e-06
7.882843677510293467e+00 2.155338078040581552e-06 1.975191435159448140e-06
7.952603356072331486e+00 2.236446710559553904e-06 2.049520876977045251e-06
8.022363034634370393e+00 2.244144961331445448e-06 2.056575695497290460e-06
8.092122713196406636e+00 2.210465366974238441e-06 2.025711096114127053e-06
8.161882391758446431e+00 2.149440292490893454e-06 1.969786596065832934e-06
8.231642070320482674e+00 2.220480207905474037e-06 2.034888880441049731e-06
8.301401748882518916e+00 2.268091161640356014e-06 2.078520433650745756e-06
8.371161427444560488e+00 2.190039630473584349e-06 2.006992575709386994e-06
8.440921106006596730e+00 2.186343598553154552e-06 2.003605464115299914e-06
8.510680784568634749e+00 2.231187053294826612e-06 2.044700830374144120e-06
8.580440463130672768e+00 2.679661956530231616e-06 2.455691475776667954e-06
8.650200141692710787e+00 2.711659745303531502e-06 2.485014837606993828e-06
8.719959820254747029e+00 2.274949274679891151e-06 2.084805334509250614e-06
8.789719498816786825e+00 2.211036845927511475e-06 2.026234809932102723e-06
8.859479177378823067e+00 2.184311310757962076e-06 2.001743038221310954e-06
8.929238855940862862e+00 2.153616979777624405e-06 1.973614189073232514e-06
8.998998534502899105e+00 2.170126110194301988e-06 1.988743459665712740e-06
9.068758213064937124e+00 2.259112426258419664e-06 2.070292155495382481e-06
9.138517891626978695e+00 2.324353741324938299e-06 2.130080495919023782e-06
9.208277570189014938e+00 2.320780951703296448e-06 2.126806325833043861e-06
9.278037248751054733e+00 2.343490612809482626e-06 2.147617876730474895e-06
9.347796927313090976e+00 2.401265992490238186e-06 2.200564296724250677e-06
9.417556605875128994e+00 2.568157190330659388e-06 2.353506458298075895e-06
9.487316284437167013e+00 2.725028639751286013e-06 2.497266338232251218e-06
9.557075962999205032e+00 2.640703017878588962e-06 2.419988788234682446e-06
9.626835641561241275e+00 2.546419346456003540e-06 2.333585498576023169e-06
9.696595320123281070e+00 2.474776953776033104e-06 2.267931092959781130e-06
9.766354998685317312e+00 2.371938064449632737e-06 2.173687644348007412e-06
9.836114677247355331e+00 2.360274354303087887e-06 2.162998805961882236e-06
9.905874355809393350e+00 2.374044385635526299e-06 2.175617915802151904e-06
9.975634034371433145e+00 2.406645405182534146e-06 2.205494089402376590e-06
