# ERS 1386 - Direct Observations of Exoplanetary Systems with JWST
# HIP 65426, F444W/ADI+RDI Contrast Curve
# Star Apparent Magnitude = 6.764(vegamag) / 0.367(Jy)
# Separation(") /// Contrast /// Uncalibrated Contrast
6.975967856203799111e-02 1.481213596209285299e+02 1.603500920192196116e-02
1.395193571240759822e-01 2.130361028229995901e-01 2.660708134079755021e-04
2.092790356861139733e-01 9.056308129745907487e-03 8.100374854941439883e-05
2.790387142481519644e-01 2.108359229392481327e-03 6.089405873273635633e-05
3.487983928101899833e-01 5.446477288379825794e-04 3.745532427642643693e-05
4.185580713722279467e-01 1.299262670734924879e-04 1.597010233067943687e-05
4.883177499342659655e-01 9.275843361297806539e-05 1.814196043455649848e-05
5.580774284963039289e-01 4.992237630408998748e-05 1.532351290631755851e-05
6.278371070583419478e-01 3.674541690880948533e-05 1.561000903222614698e-05
6.975967856203799666e-01 3.268015265512052431e-05 1.788940148690562886e-05
7.673564641824178745e-01 2.384543910879507721e-05 1.591995406564026010e-05
8.371161427444558933e-01 1.655092218652601764e-05 1.280775231351990430e-05
9.068758213064939122e-01 1.351741196722354667e-05 1.165594759818944797e-05
9.766354998685319311e-01 1.141171785986552117e-05 1.058021535861810362e-05
1.046395178430570061e+00 8.122049164829033872e-06 7.866336154705051630e-06
1.116154856992607858e+00 5.895121773127101313e-06 5.832905172638043032e-06
1.185914535554645877e+00 5.348211627739335068e-06 5.361408510813399584e-06
1.255674214116683896e+00 5.962795525731294018e-06 5.918082609914868480e-06
1.325433892678721914e+00 5.957324859748585042e-06 5.596603554113609031e-06
1.395193571240759933e+00 5.676747474318256804e-06 5.100152697201049763e-06
1.464953249802797952e+00 5.758405319480988637e-06 5.491189872106702160e-06
1.534712928364835749e+00 5.150226238268611022e-06 4.966942091064236590e-06
1.604472606926873768e+00 4.798433261263384827e-06 4.238763458628705312e-06
1.674232285488911787e+00 4.550689419838022374e-06 4.037482504113109336e-06
1.743991964050950028e+00 3.971942836658302989e-06 3.851412386380566736e-06
1.813751642612987824e+00 3.663626746075586460e-06 3.651124649758367678e-06
1.883511321175025843e+00 3.146544730446711322e-06 3.150326310213382080e-06
1.953270999737063862e+00 2.853054572102695342e-06 2.910112655786610010e-06
2.023030678299102103e+00 2.787712707010260155e-06 2.891689187720152114e-06
2.092790356861140566e+00 2.653605885636493966e-06 2.728583832837017440e-06
2.162550035423177697e+00 2.394820763792674570e-06 2.465936317351739641e-06
2.232309713985215716e+00 2.253273259114667267e-06 2.379997296429171281e-06
2.302069392547254179e+00 2.384931230700715864e-06 2.527717791496380590e-06
2.371829071109292197e+00 2.413299582028461799e-06 2.508616183116771907e-06
2.441588749671329328e+00 2.202438622999593743e-06 2.288809224273225310e-06
2.511348428233367791e+00 2.044995690032532144e-06 2.143762146525348710e-06
2.581108106795405810e+00 2.067309546569290627e-06 2.160231591188753261e-06
2.650867785357444273e+00 2.103713767823734395e-06 2.187526240899581303e-06
2.720627463919481848e+00 2.091036477870049421e-06 2.163662761545001377e-06
2.790387142481519867e+00 2.008322836952021984e-06 2.067817676963586041e-06
2.860146821043557885e+00 1.987907064321412430e-06 2.046093392130017383e-06
2.929906499605596348e+00 2.002700013502866786e-06 2.077501450909022187e-06
2.999666178167633479e+00 1.980270815604711249e-06 2.070235402373824423e-06
3.069425856729671498e+00 1.966805791270149617e-06 2.072050743083729390e-06
3.139185535291709961e+00 1.911859460574042455e-06 2.029612313914478052e-06
3.208945213853747980e+00 1.879286722648831323e-06 1.997387432498116646e-06
3.278704892415785555e+00 1.933902770629990828e-06 2.055435736961483488e-06
3.348464570977823573e+00 1.973371932063186820e-06 2.097385273489250751e-06
3.418224249539862036e+00 1.892713754781339849e-06 2.011658264571798436e-06
3.487983928101900499e+00 1.823225876212644469e-06 1.937803533576605297e-06
3.557743606663937630e+00 1.845199738682795411e-06 1.961158307604625266e-06
3.627503285225975649e+00 1.823637750774400435e-06 1.938241291723620559e-06
3.697262963788014112e+00 1.742611138348663124e-06 1.852122693956404878e-06
3.767022642350052131e+00 1.710369656296355234e-06 1.817855048535261279e-06
3.836782320912089261e+00 1.755319711948042667e-06 1.865629917141912086e-06
3.906541999474127724e+00 1.808393500883212953e-06 1.922039041804245964e-06
3.976301678036165743e+00 1.800080829825408354e-06 1.913203974487882900e-06
4.046061356598204206e+00 1.667147382977842603e-06 1.771916541925310544e-06
4.115821035160242225e+00 1.616382862901095015e-06 1.717961808357472104e-06
4.185580713722280244e+00 1.709662029472592212e-06 1.817102952057566530e-06
4.255340392284318263e+00 1.766619146588525002e-06 1.877639446328295120e-06
4.325100070846356282e+00 1.745834917538056721e-06 1.855549066292483616e-06
4.394859749408393412e+00 1.682467825130317768e-06 1.788199772284399681e-06
4.464619427970431431e+00 1.634662219202507423e-06 1.737389901000586550e-06
4.534379106532469450e+00 1.610661223349488058e-06 1.711880601697556100e-06
4.604138785094508357e+00 1.676605474542816534e-06 1.781969011832972174e-06
4.673898463656546376e+00 1.705664667232216918e-06 1.812854382105018478e-06
4.743658142218583507e+00 1.724622310323096703e-06 1.833003387364916584e-06
4.813417820780621526e+00 1.736946003840184850e-06 1.846101543306919827e-06
4.883177499342659544e+00 1.616539336895716876e-06 1.718128115705150414e-06
4.952937177904696675e+00 1.607324624028110285e-06 1.708334319232255688e-06
5.022696856466735582e+00 1.691882454551239660e-06 1.798206048740432703e-06
5.092456535028773601e+00 1.666504616603065928e-06 1.771233381945761779e-06
5.162216213590811620e+00 1.645017442008997271e-06 1.748395880899836713e-06
5.231975892152849639e+00 1.667200096297884789e-06 1.771972567928000243e-06
5.301735570714887658e+00 1.760397049558800450e-06 1.871026331756060839e-06
5.371495249276926565e+00 1.732872986450404486e-06 1.841772563780460592e-06
5.441254927838964583e+00 1.661375437139022283e-06 1.765781867561587155e-06
5.511014606401001714e+00 1.641962384706925902e-06 1.745148833502982810e-06
5.580774284963039733e+00 1.633616081113796876e-06 1.736278020069451935e-06
5.650533963525077752e+00 1.715569096607238613e-06 1.823381239194632509e-06
5.720293642087115771e+00 1.709266097445025216e-06 1.816682138327306566e-06
5.790053320649154678e+00 1.671332277977444971e-06 1.776364429827561226e-06
5.859812999211191809e+00 1.690785431994827872e-06 1.797040085590192593e-06
5.929572677773229827e+00 1.689855519322002344e-06 1.796051734071694863e-06
5.999332356335267846e+00 1.666524916674086410e-06 1.771254957741645601e-06
6.069092034897304977e+00 1.665562056891218831e-06 1.770231588605696565e-06
6.138851713459342996e+00 1.692875841201946263e-06 1.799261863155455018e-06
6.208611392021381903e+00 1.655642481136223142e-06 1.759688633286555713e-06
6.278371070583419922e+00 1.637886326569975853e-06 1.740816622138556030e-06
6.348130749145457941e+00 1.674673116066866608e-06 1.779915217439372011e-06
6.417890427707495071e+00 1.659804231409313606e-06 1.764111921969694878e-06
6.487650106269533090e+00 1.638044562534081273e-06 1.740984802183817020e-06
6.557409784831571997e+00 1.698266358062148975e-06 1.804991138258331407e-06
6.627169463393609128e+00 1.788305113428108991e-06 1.900688232394267950e-06
6.696929141955647147e+00 1.835042882068317573e-06 1.950363159897281774e-06
6.766688820517685166e+00 1.807797997985445240e-06 1.921406115497853978e-06
6.836448499079724073e+00 1.700963025724374021e-06 1.807857273602788242e-06
6.906208177641762092e+00 1.625154400096942594e-06 1.727284578506127944e-06
6.975967856203800110e+00 1.641211082654152981e-06 1.744350317097724796e-06
7.045727534765838129e+00 1.694157018617005434e-06 1.800623554076163787e-06
7.115487213327876148e+00 1.705685255658160497e-06 1.812876264377020418e-06
7.185246891889913279e+00 1.722440076848109018e-06 1.830684014985393166e-06
7.255006570451951298e+00 1.767730430118434779e-06 1.878820566659659704e-06
7.324766249013989317e+00 1.801387445897705537e-06 1.914592702716765475e-06
7.394525927576028224e+00 1.779552765838100291e-06 1.891385857790940788e-06
7.464285606138066242e+00 1.758469918594186323e-06 1.868978093388222584e-06
7.534045284700103373e+00 1.726317093229427932e-06 1.834804676139599937e-06
7.603804963262141392e+00 1.662739573265042391e-06 1.767231730598180708e-06
7.673564641824179411e+00 1.598335673256909888e-06 1.698780472506603458e-06
7.743324320386217430e+00 1.592271786643829025e-06 1.692335510826679742e-06
7.813083998948255449e+00 1.637591693940723091e-06 1.740503473802125695e-06
7.882843677510293467e+00 1.696807073491754436e-06 1.803440147328519411e-06
7.952603356072331486e+00 1.740165936637713503e-06 1.849523827530908359e-06
8.022363034634370393e+00 1.810827608437004919e-06 1.924626116878367703e-06
8.092122713196406636e+00 1.878283751940396210e-06 1.996321431730885011e-06
8.161882391758446431e+00 1.802978938150708947e-06 1.916284209705431034e-06
8.231642070320482674e+00 1.801625512573340342e-06 1.914845730304455345e-06
8.301401748882518916e+00 1.840749654191975072e-06 1.956428564809980638e-06
8.371161427444560488e+00 1.780209878222697414e-06 1.892084265331905677e-06
8.440921106006596730e+00 1.769493459848516789e-06 1.880694391118453886e-06
8.510680784568634749e+00 1.929086497924247964e-06 2.050316793450631182e-06
8.580440463130672768e+00 3.129542517835050213e-06 3.326213514551767975e-06
8.650200141692710787e+00 3.830533421791157577e-06 4.071257048879477201e-06
8.719959820254747029e+00 3.427483543459403061e-06 3.642878158129353851e-06
8.789719498816786825e+00 2.569160088072522921e-06 2.730614764711833718e-06
8.859479177378823067e+00 1.807867827423837665e-06 1.921480333253443125e-06
8.929238855940862862e+00 1.690221244101131833e-06 1.796440442228243218e-06
8.998998534502899105e+00 1.628401313009278764e-06 1.730735538366247265e-06
9.068758213064937124e+00 1.677694361612223371e-06 1.783126328234791737e-06
9.138517891626978695e+00 1.786666467014465621e-06 1.898946607918623240e-06
9.208277570189014938e+00 1.795178168661138845e-06 1.907993213576686748e-06
9.278037248751054733e+00 1.786173854206861080e-06 1.898423037662345388e-06
9.347796927313090976e+00 1.953236170829713998e-06 2.075984113173046689e-06
9.417556605875128994e+00 2.153097567202828755e-06 2.288405473120992970e-06
9.487316284437167013e+00 2.137150597510169100e-06 2.271456342120029655e-06
9.557075962999205032e+00 1.962591862537240789e-06 2.085927748071186000e-06
9.626835641561241275e+00 1.939800662480400359e-06 2.061704272208535625e-06
9.696595320123281070e+00 1.914054588942573642e-06 2.034340228658999650e-06
9.766354998685317312e+00 1.799524195662947787e-06 1.912612359559091885e-06
9.836114677247355331e+00 1.773725193022183867e-06 1.885192060663447202e-06
9.905874355809393350e+00 1.799194313140532170e-06 1.912261746107438750e-06
9.975634034371433145e+00 1.883690989010405048e-06 2.002068477797889963e-06
